0 519
1 525
2 536
3 532
4 529
5 530
6 531
7 529
8 529
9 531
10 535
11 537
12 532
13 537
14 531
15 528
16 511
17 516
18 514
19 519
20 515
21 516
22 509
23 500
24 514
25 520
26 534
27 524
28 541
29 543
30 548
31 549
32 546
33 540
34 539
35 537
36 527
37 538
38 521
39 527
40 532
41 533
42 527
43 530
44 539
45 534
46 531
47 534
48 532
49 534
50 548
51 556
52 552
53 558
54 561
55 571
56 575
57 612
58 619
59 614
60 621
61 619
62 619
63 609
64 609
65 614
66 609
67 608
68 596
69 594
70 592
71 597
72 590
73 591
74 592
75 590
76 584
77 585
78 587
79 590
80 591
81 590
82 593
83 580
84 573
85 571
86 584
87 588
88 587
89 590
90 584
91 580
92 585
93 586
94 597
95 570
96 571
97 564
98 567
99 574
100 571
101 566
102 561
103 558
104 540
105 536
106 541
107 543
108 543
109 527
110 519
111 533
112 527
113 516
114 537
115 527
116 535
117 553
118 560
119 564
120 561
121 562
122 554
123 533
124 527
125 527
126 524
127 522
128 531
129 523
130 530
131 526
132 534
133 536
134 529
135 530
136 534
137 523
138 519
139 513
140 519
141 516
142 502
143 481
144 490
145 479
146 472
147 465
148 471
149 463
150 475
151 472
152 473
153 470
154 461
155 470
156 473
157 470
158 470
159 480
160 478
161 478
162 479
163 487
164 475
165 478
166 487
167 486
168 479
169 479
170 491
171 476
172 473
173 474
174 487
175 486
176 493
177 484
178 490
179 489
180 489
181 490
182 486
183 499
184 503
185 497
186 492
187 493
188 484
189 490
190 485
191 489
192 486
193 488
194 502
195 517
196 511
197 511
198 506
199 515
200 516
201 522
202 533
203 536
204 546
205 556
206 564
207 559
208 562
209 555
210 554
211 552
212 545
213 562
214 570
215 572
216 568
217 565
218 567
219 566
220 566
221 560
222 563
223 546
224 543
225 543
226 530
227 520
228 513
229 526
230 526
231 528
232 528
233 522
234 524
235 525
236 528
237 523
238 509
239 516
240 539
241 532
242 524
243 520
244 528
245 524
246 527
247 529
248 525
249 525
250 524
251 525
252 524
253 526
254 532
255 535
256 536
257 537
258 552
259 559
260 562
261 553
262 558
263 548
264 557
265 552
266 560
267 562
268 558
269 561
270 562
271 557
272 553
273 552
274 559
275 547
276 546
277 546
278 547
279 545
280 546
281 540
282 539
283 538
284 542
285 540
286 548
287 544
288 543
289 543
290 543
291 544
292 535
293 542
294 540
295 547
296 549
297 556
298 549
299 551
300 553
301 542
302 554
303 543
304 555
305 560
306 559
307 574
308 574
309 575
310 575
311 578
312 586
313 577
314 571
315 563
316 533
317 533
318 530
319 547
320 547
321 554
322 550
323 546
324 551
325 547
326 549
327 556
328 537
329 535
330 545
331 553
332 579
333 575
334 554
335 553
336 557
337 575
338 581
339 588
340 553
341 555
342 560
343 560
344 555
345 559
346 562
347 556
348 556
349 565
350 568
351 580
352 577
353 577
354 580
355 584
356 582
357 583
358 586
359 592
360 587
361 586
362 570
363 566
364 563
365 559
366 563
367 555
368 548
369 551
370 551
371 555
372 548
373 551
374 549
375 538
376 540
377 532
378 524
379 521
380 515
381 505
382 507
383 516
384 519
385 519
386 522
387 516
388 520
389 509
390 502
391 514
392 515
393 507
394 518
395 530
396 532
397 531
398 524
399 529
400 527
401 524
402 527
403 525
404 527
405 532
406 531
407 534
408 529
409 532
410 532
411 535
412 538
413 539
414 536
415 533
416 535
417 527
418 529
419 525
420 527
421 530
422 534
423 527
424 520
425 519
426 526
427 524
428 527
429 525
430 529
431 529
432 533
433 535
434 532
435 526
436 528
437 524
438 539
439 541
440 534
441 533
442 543
443 545
444 548
445 549
446 557
447 554
448 557
449 556
450 539
451 537
452 513
453 500
454 501
455 497
456 505
457 496
458 485
459 485
460 493
461 494
462 489
463 486
464 482
465 477
466 476
467 487
468 485
469 485
470 482
471 483
472 484
473 488
474 478
475 493
476 490
477 488
478 490
479 497
480 499
481 504
482 508
483 509
484 512
485 512
486 506
487 485
488 482
489 487
490 478
491 504
492 502
493 507
494 511
495 509
496 510
497 502
498 507
499 502
500 497
501 500
502 496
503 496
504 498
505 499
506 497
507 497
508 496
509 499
510 520
511 501
512 505
513 503
514 524
515 518
516 509
517 512
518 513
519 522
520 531
521 528
522 528
523 531
524 541
525 534
526 534
527 530
528 523
529 523
530 538
531 524
532 536
533 551
534 559
535 549
536 553
537 552
538 551
539 553
540 548
541 535
542 522
543 524
544 516
545 522
546 524
547 531
548 533
549 521
550 524
551 520
552 510
553 513
554 519
555 519
556 534
557 553
558 557
559 553
560 559
561 563
562 562
563 564
564 557
565 554
566 556
567 550
568 537
569 542
570 542
571 520
572 526
573 516
574 514
575 517
576 508
577 500
578 506
579 509
580 511
581 514
582 507
583 501
584 499
585 498
586 500
587 495
588 500
589 506
590 497
591 488
592 495
593 497
594 502
595 501
596 501
597 501
598 501
599 498
600 489
601 502
602 499
603 497
604 497
605 500
606 500
607 513
608 518
609 516
610 525
611 527
612 528
613 514
614 539
615 546
616 538
617 527
618 535
619 540
620 546
621 548
622 554
623 558
624 541
625 547
626 528
627 509
628 507
629 509
630 496
631 504
632 506
633 513
634 509
635 510
636 517
637 517
638 518
639 526
640 520
641 527
642 529
643 523
644 527
645 524
646 526
647 542
648 531
649 532
650 524
651 520
652 528
653 530
654 537
655 548
656 557
657 554
658 540
659 531
660 536
661 532
662 530
663 538
664 537
665 535
666 533
667 527
668 529
669 535
670 540
671 524
672 515
673 514
674 518
675 530
676 543
677 552
678 567
679 566
680 566
681 567
682 566
683 566
684 566
685 567
686 563
687 549
688 551
689 553
690 554
691 580
692 583
693 605
694 623
695 611
696 621
697 616
698 619
699 614
700 619
701 618
702 614
703 616
704 617
705 608
706 607
707 595
708 589
709 589
710 578
711 586
712 593
713 591
714 596
715 583
716 594
717 586
718 586
719 589
720 592
721 587
722 583
723 588
724 583
725 579
726 576
727 576
728 580
729 576
730 572
731 572
732 564
733 560
734 556
735 547
736 539
737 534
738 516
739 506
740 506
741 517
742 513
743 504
744 522
745 529
746 529
747 533
748 543
749 541
750 553
751 555
752 545
753 555
754 557
755 561
756 562
757 558
758 566
759 566
760 566
761 580
762 582
763 582
764 580
765 576
766 576
767 576
768 576
769 573
770 570
771 570
772 581
773 592
774 592
775 592
776 592
777 592
778 592
779 584
780 585
781 594
782 581
783 574
784 559
785 546
786 553
787 554
788 543
789 538
790 544
791 542
792 544
793 543
794 538
795 542
796 527
797 527
798 527
799 526
800 518
801 518
802 521
803 519
804 524
805 533
806 539
807 518
808 552
809 554
810 549
811 551
812 540
813 523
814 517
815 530
816 510
817 498
818 495
819 498
820 498
821 501
822 494
823 483
824 475
825 473
826 475
827 480
828 475
829 483
830 500
831 498
832 488
833 488
834 481
835 490
836 490
837 492
838 490
839 490
840 485
841 484
842 481
843 481
844 481
845 489
846 480
847 481
848 481
849 481
850 469
851 477
852 477
853 477
854 500
855 502
856 502
857 493
858 484
859 484
860 484
861 476
862 468
863 463
864 463
865 472
866 473
867 484
868 495
869 490
870 495
871 502
872 497
873 497
874 497
875 486
876 475
877 475
878 475
879 475
880 479
881 489
882 489
883 474
884 493
885 501
886 497
887 495
888 499
889 492
890 490
891 493
892 488
893 489
894 491
895 498
896 504
897 517
898 540
899 547
900 542
901 532
902 531
903 531
904 531
905 531
906 531
907 524
908 533
909 535
910 526
911 523
912 520
913 518
914 520
915 520
916 520
917 520
918 520
919 520
920 502
921 512
922 516
923 520
924 519
925 522
926 506
927 512
928 516
929 512
930 504
931 499
932 520
933 528
934 542
935 539
936 540
937 538
938 536
939 534
940 535
941 522
942 528
943 540
944 554
945 556
946 556
947 556
948 561
949 552
950 554
951 566
952 558
953 558
954 557
955 557
956 557
957 553
958 567
959 557
960 545
961 541
962 542
963 531
964 523
965 525
966 529
967 531
968 531
969 531
970 536
971 524
972 532
973 514
974 508
975 499
976 504
977 510
978 492
979 508
980 508
981 521
982 503
983 495
984 486
985 486
986 473
987 461
988 459
989 453
990 443
991 447
992 457
993 449
994 449
995 451
996 449
997 444
998 449
999 454
1000 454
1001 463
1002 456
1003 456
1004 463
1005 458
1006 452
1007 447
1008 448
1009 463
1010 460
1011 455
1012 457
1013 466
1014 472
1015 481
1016 480
1017 487
1018 470
1019 482
1020 478
1021 485
1022 492
1023 493
1024 501
1025 514
1026 514
1027 527
1028 522
1029 509
1030 478
1031 470
1032 470
1033 470
1034 469
1035 461
1036 471
1037 481
1038 482
1039 474
1040 478
1041 484
1042 476
1043 485
1044 495
1045 507
1046 521
1047 516
1048 513
1049 507
1050 515
1051 515
1052 515
1053 516
1054 515
1055 515
1056 515
1057 515
1058 512
1059 510
1060 520
1061 519
1062 526
1063 527
1064 528
1065 529
1066 521
1067 514
1068 504
1069 509
1070 505
1071 499
1072 539
1073 554
1074 546
1075 547
1076 547
1077 547
1078 547
1079 544
1080 547
1081 547
1082 551
1083 555
1084 560
1085 565
1086 562
1087 559
1088 559
1089 559
1090 557
1091 551
1092 534
1093 534
1094 526
1095 534
1096 534
1097 532
1098 540
1099 540
1100 540
1101 540
1102 541
1103 553
1104 558
1105 555
1106 544
1107 530
1108 541
1109 533
1110 546
1111 546
1112 549
1113 543
1114 547
1115 564
1116 561
1117 555
1118 548
1119 539
1120 539
1121 543
1122 539
1123 539
1124 531
1125 520
1126 524
1127 519
1128 511
1129 511
1130 526
1131 538
1132 530
1133 522
1134 522
1135 503
1136 523
1137 540
1138 539
1139 543
1140 544
1141 546
1142 554
1143 561
1144 568
1145 568
1146 568
1147 557
1148 569
1149 558
1150 565
1151 565
1152 565
1153 565
1154 563
1155 574
1156 565
1157 568
1158 574
1159 574
1160 574
1161 578
1162 599
1163 604
1164 604
1165 604
1166 594
1167 603
1168 595
1169 607
1170 611
1171 611
1172 611
1173 604
1174 611
1175 611
1176 604
1177 586
1178 585
1179 568
1180 576
1181 595
1182 581
1183 577
1184 573
1185 587
1186 573
1187 557
1188 540
1189 542
1190 550
1191 547
1192 553
1193 545
1194 547
1195 547
1196 549
1197 539
1198 547
1199 547
1200 544
1201 545
1202 545
1203 545
1204 543
1205 541
1206 541
1207 531
1208 552
1209 539
1210 538
1211 538
1212 521
1213 535
1214 543
1215 528
1216 528
1217 523
1218 528
1219 528
1220 529
1221 528
1222 524
1223 526
1224 514
1225 526
1226 526
1227 520
1228 546
1229 557
1230 544
1231 550
1232 550
1233 550
1234 552
1235 550
1236 550
1237 550
1238 550
1239 550
1240 550
1241 548
1242 546
1243 558
1244 558
1245 552
1246 550
1247 549
1248 541
1249 534
1250 529
1251 524
1252 527
1253 523
1254 545
1255 545
1256 545
1257 533
1258 522
1259 528
1260 522
1261 522
1262 522
1263 529
1264 526
1265 515
1266 512
1267 503
1268 512
1269 522
1270 525
1271 528
1272 528
1273 528
1274 527
1275 527
1276 521
1277 532
1278 511
1279 505
1280 495
1281 485
1282 485
1283 482
1284 489
1285 489
1286 510
1287 504
1288 510
1289 507
1290 504
1291 504
1292 507
1293 507
1294 502
1295 498
1296 498
1297 489
1298 508
1299 494
1300 494
1301 484
1302 477
1303 491
1304 490
1305 486
1306 488
1307 494
1308 487
1309 484
1310 484
1311 484
1312 477
1313 472
1314 466
1315 464
1316 460
1317 455
1318 455
1319 481
1320 474
1321 464
1322 455
1323 455
1324 461
1325 455
1326 455
1327 455
1328 455
1329 451
1330 441
1331 444
1332 437
1333 439
1334 434
1335 430
1336 430
1337 441
1338 452
1339 452
1340 452
1341 452
1342 457
1343 448
1344 449
1345 453
1346 442
1347 433
1348 433
1349 433
1350 432
1351 433
1352 429
1353 425
1354 425
1355 416
1356 424
1357 424
1358 424
1359 424
1360 424
1361 424
1362 424
1363 434
1364 433
1365 430
1366 435
1367 430
1368 436
1369 430
1370 438
1371 430
1372 430
1373 427
1374 434
1375 433
1376 433
1377 442
1378 433
1379 432
1380 415
1381 415
1382 416
1383 415
1384 415
1385 415
1386 415
1387 420
1388 425
1389 428
1390 425
1391 427
1392 425
1393 422
1394 405
1395 411
1396 422
1397 419
1398 419
1399 419
1400 419
1401 421
1402 419
1403 419
1404 433
1405 419
1406 418
1407 418
1408 418
1409 420
1410 421
1411 418
1412 418
1413 424
1414 431
1415 441
1416 428
1417 426
1418 440
1419 439
1420 447
1421 456
1422 454
1423 448
1424 453
1425 451
1426 453
1427 443
1428 433
1429 431
1430 416
1431 412
1432 420
1433 421
1434 426
1435 413
1436 421
1437 421
1438 425
1439 421
1440 434
1441 437
1442 444
1443 447
1444 451
1445 451
1446 442
1447 435
1448 434
1449 435
1450 429
1451 434
1452 442
1453 432
1454 431
1455 428
1456 427
1457 427
1458 427
1459 422
1460 422
1461 426
1462 426
1463 426
1464 426
1465 426
1466 426
1467 430
1468 424
1469 433
1470 434
1471 429
1472 428
1473 431
1474 441
1475 441
1476 441
1477 437
1478 439
1479 437
1480 443
1481 437
1482 432
1483 445
1484 457
1485 461
1486 441
1487 445
1488 448
1489 465
1490 482
1491 495
1492 496
1493 499
1494 497
1495 497
1496 498
1497 496
1498 506
1499 510
1500 508
1501 516
1502 516
1503 513
1504 518
1505 508
1506 512
1507 516
1508 510
1509 511
1510 514
1511 514
1512 514
1513 524
1514 523
1515 524
1516 519
1517 514
1518 521
1519 535
1520 509
1521 495
1522 492
1523 484
1524 490
1525 496
1526 484
1527 491
1528 487
1529 503
1530 490
1531 485
1532 491
1533 498
1534 522
1535 526
1536 523
1537 512
1538 506
1539 494
1540 501
1541 492
1542 483
1543 477
1544 486
1545 497
1546 508
1547 516
1548 508
1549 514
1550 520
1551 520
1552 520
1553 520
1554 512
1555 520
1556 514
1557 498
1558 485
1559 488
1560 487
1561 475
1562 498
1563 487
1564 487
1565 496
1566 471
1567 483
1568 471
1569 467
1570 475
1571 483
1572 480
1573 487
1574 483
1575 498
1576 507
1577 499
1578 489
1579 492
1580 506
1581 512
1582 521
1583 514
1584 514
1585 505
1586 505
1587 521
1588 505
1589 503
1590 500
1591 508
1592 517
1593 529
1594 524
1595 519
1596 522
1597 527
1598 516
1599 516
1600 516
1601 516
1602 516
1603 516
1604 517
1605 516
1606 529
1607 521
1608 526
1609 542
1610 547
1611 548
1612 548
1613 547
1614 548
1615 559
1616 574
1617 598
1618 593
1619 586
1620 593
1621 613
1622 625
1623 612
1624 621
1625 625
1626 625
1627 618
1628 604
1629 589
1630 596
1631 596
1632 600
1633 591
1634 594
1635 587
1636 594
1637 612
1638 628
1639 633
1640 642
1641 623
1642 595
1643 603
1644 599
1645 599
1646 593
1647 598
1648 594
1649 599
1650 603
1651 603
1652 592
1653 588
1654 565
1655 568
1656 574
1657 574
1658 563
1659 576
1660 574
1661 579
1662 584
1663 584
1664 592
1665 590
1666 580
1667 580
1668 571
1669 580
1670 579
1671 580
1672 593
1673 609
1674 601
1675 600
1676 596
1677 584
1678 596
1679 603
1680 602
1681 601
1682 612
1683 610
1684 608
1685 601
1686 591
1687 592
1688 594
1689 580
1690 586
1691 589
1692 586
1693 578
1694 585
1695 588
1696 592
1697 590
1698 587
1699 596
1700 610
1701 598
1702 609
1703 599
1704 599
1705 601
1706 604
1707 604
1708 605
1709 611
1710 607
1711 598
1712 602
1713 602
1714 601
1715 592
1716 589
1717 584
1718 573
1719 570
1720 564
1721 574
1722 578
1723 579
1724 578
1725 567
1726 578
1727 578
1728 578
1729 578
1730 564
1731 554
1732 556
1733 555
1734 555
1735 555
1736 551
1737 547
1738 541
1739 535
1740 535
1741 544
1742 553
1743 544
1744 529
1745 528
1746 508
1747 506
1748 506
1749 506
1750 492
1751 481
1752 483
1753 482
1754 488
1755 482
1756 482
1757 480
1758 470
1759 472
1760 467
1761 482
1762 470
1763 466
1764 472
1765 483
1766 483
1767 483
1768 483
1769 483
1770 474
1771 483
1772 483
1773 483
1774 483
1775 482
1776 482
1777 494
1778 497
1779 507
1780 517
1781 518
1782 518
1783 522
1784 526
1785 528
1786 530
1787 534
1788 534
1789 534
1790 534
1791 523
1792 521
1793 514
1794 504
1795 517
1796 513
1797 518
1798 519
1799 516
1800 516
1801 516
1802 516
1803 516
1804 534
1805 528
1806 517
1807 511
1808 511
1809 511
1810 511
1811 521
1812 509
1813 504
1814 502
1815 504
1816 493
1817 489
1818 489
1819 489
1820 489
1821 493
1822 489
1823 492
1824 486
1825 486
1826 494
1827 505
1828 527
1829 534
1830 542
1831 542
1832 542
1833 545
1834 542
1835 545
1836 544
1837 558
1838 549
1839 549
1840 549
1841 550
1842 549
1843 555
1844 561
1845 555
1846 543
1847 539
1848 539
1849 544
1850 542
1851 523
1852 541
1853 541
1854 541
1855 541
1856 541
1857 542
1858 531
1859 531
1860 532
1861 536
1862 543
1863 543
1864 542
1865 543
1866 540
1867 541
1868 524
1869 530
1870 536
1871 537
1872 527
1873 538
1874 540
1875 543
1876 546
1877 550
1878 550
1879 538
1880 522
1881 520
1882 522
1883 511
1884 506
1885 506
1886 518
1887 522
1888 527
1889 516
1890 522
1891 510
1892 491
1893 498
1894 504
1895 503
1896 499
1897 503
1898 493
1899 493
1900 496
1901 495
1902 499
1903 495
1904 497
1905 500
1906 485
1907 466
1908 452
1909 454
1910 452
1911 454
1912 458
1913 464
1914 464
1915 464
1916 479
1917 473
1918 483
1919 483
1920 483
1921 483
1922 495
1923 483
1924 483
1925 477
1926 470
1927 466
1928 465
1929 473
1930 477
1931 475
1932 473
1933 475
1934 473
1935 471
1936 458
1937 446
1938 456
1939 444
1940 443
1941 446
1942 439
1943 453
1944 461
1945 461
1946 461
1947 460
1948 461
1949 463
1950 457
1951 457
1952 468
1953 449
1954 460
1955 460
1956 456
1957 483
1958 478
1959 478
1960 478
1961 505
1962 515
1963 516
1964 517
1965 518
1966 527
1967 522
1968 508
1969 508
1970 506
1971 516
1972 505
1973 505
1974 497
1975 490
1976 477
1977 474
1978 454
1979 458
1980 449
1981 444
1982 462
1983 478
1984 478
1985 485
1986 485
1987 492
1988 492
1989 493
1990 499
1991 508
1992 511
1993 513
1994 513
1995 514
1996 515
1997 510
1998 515
1999 512
2000 508
2001 508
2002 508
2003 508
2004 519
2005 497
2006 486
2007 489
2008 469
2009 440
2010 428
2011 428
2012 428
2013 428
2014 439
2015 450
2016 448
2017 450
2018 446
2019 446
2020 435
2021 432
2022 433
2023 441
2024 435
2025 444
2026 447
2027 451
2028 442
2029 438
2030 438
2031 446
2032 417
2033 415
2034 412
2035 415
2036 419
2037 418
2038 421
2039 423
2040 423
2041 419
2042 409
2043 400
2044 419
2045 419
2046 424
2047 420
2048 421
2049 429
2050 438
2051 438
2052 441
2053 433
2054 431
2055 428
2056 424
2057 424
2058 424
2059 424
2060 423
2061 428
2062 408
2063 413
2064 402
2065 405
2066 408
2067 415
2068 415
2069 430
2070 435
2071 411
2072 424
2073 426
2074 424
2075 430
2076 424
2077 429
2078 426
2079 430
2080 442
2081 442
2082 437
2083 444
2084 441
2085 436
2086 430
2087 430
2088 434
2089 448
2090 462
2091 445
2092 444
2093 445
2094 453
2095 462
2096 455
2097 447
2098 449
2099 448
2100 449
2101 449
2102 451
2103 459
2104 465
2105 465
2106 463
2107 466
2108 471
2109 456
2110 451
2111 458
2112 454
2113 460
2114 467
2115 474
2116 469
2117 480
2118 493
2119 489
2120 490
2121 484
2122 490
2123 493
2124 497
2125 490
2126 477
2127 484
2128 493
2129 477
2130 484
2131 480
2132 487
2133 490
2134 506
2135 496
2136 496
2137 480
2138 475
2139 488
2140 494
2141 488
2142 481
2143 481
2144 481
2145 482
2146 476
2147 473
2148 464
2149 467
2150 476
2151 472
2152 474
2153 478
2154 469
2155 464
2156 463
2157 470
2158 477
2159 477
2160 484
2161 473
2162 462
2163 456
2164 452
2165 452
2166 456
2167 460
2168 453
2169 460
2170 460
2171 455
2172 454
2173 455
2174 457
2175 457
2176 463
2177 448
2178 463
2179 463
2180 460
2181 477
2182 492
2183 494
2184 502
2185 494
2186 494
2187 494
2188 494
2189 494
2190 485
2191 505
2192 504
2193 499
2194 498
2195 489
2196 489
2197 489
2198 489
2199 491
2200 498
2201 493
2202 504
2203 504
2204 514
2205 504
2206 491
2207 500
2208 503
2209 486
2210 482
2211 487
2212 494
2213 491
2214 499
2215 503
2216 508
2217 508
2218 500
2219 493
2220 499
2221 505
2222 502
2223 491
2224 488
2225 490
2226 496
2227 484
2228 497
2229 502
2230 519
2231 523
2232 526
2233 522
2234 519
2235 519
2236 513
2237 515
2238 525
2239 527
2240 511
2241 497
2242 511
2243 524
2244 532
2245 531
2246 539
2247 542
2248 539
2249 539
2250 549
2251 546
2252 548
2253 555
2254 551
2255 556
2256 556
2257 556
2258 556
2259 549
2260 547
2261 535
2262 544
2263 544
2264 544
2265 544
2266 544
2267 534
2268 542
2269 542
2270 545
2271 551
2272 551
2273 538
2274 536
2275 523
2276 524
2277 519
2278 511
2279 499
2280 499
2281 510
2282 510
2283 516
2284 523
2285 517
2286 518
2287 515
2288 515
2289 513
2290 503
2291 491
2292 498
2293 505
2294 505
2295 501
2296 509
2297 521
2298 521
2299 521
2300 515
2301 509
2302 512
2303 516
2304 516
2305 513
2306 504
2307 497
2308 503
2309 519
2310 505
2311 505
2312 505
2313 499
2314 500
2315 487
2316 493
2317 487
2318 491
2319 474
2320 482
2321 479
2322 468
2323 468
2324 463
2325 476
2326 463
2327 455
2328 449
2329 454
2330 454
2331 454
2332 448
2333 442
2334 442
2335 442
2336 443
2337 442
2338 444
2339 442
2340 452
2341 440
2342 442
2343 442
2344 442
2345 443
2346 439
2347 446
2348 442
2349 447
2350 439
2351 441
2352 435
2353 435
2354 435
2355 435
2356 435
2357 435
2358 438
2359 435
2360 436
2361 437
2362 446
2363 451
2364 466
2365 464
2366 466
2367 466
2368 462
2369 460
2370 449
2371 444
2372 444
2373 444
2374 454
2375 444
2376 454
2377 454
2378 465
2379 467
2380 461
2381 458
2382 458
2383 458
2384 458
2385 449
2386 431
2387 425
2388 434
2389 447
2390 453
2391 447
2392 444
2393 440
2394 450
2395 456
2396 466
2397 454
2398 472
2399 462
2400 459
2401 472
2402 461
2403 463
2404 464
2405 463
2406 463
2407 469
2408 466
2409 463
2410 463
2411 463
2412 463
2413 470
2414 452
2415 440
2416 455
2417 464
2418 464
2419 456
2420 454
2421 459
2422 456
2423 456
2424 456
2425 456
2426 456
2427 465
2428 456
2429 468
2430 452
2431 448
2432 455
2433 470
2434 477
2435 486
2436 495
2437 495
2438 496
2439 497
2440 497
2441 497
2442 498
2443 495
2444 490
2445 513
2446 513
2447 513
2448 500
2449 495
2450 488
2451 488
2452 487
2453 499
2454 523
2455 531
2456 533
2457 551
2458 551
2459 537
2460 529
2461 524
2462 520
2463 519
2464 525
2465 518
2466 516
2467 525
2468 521
2469 521
2470 515
2471 517
2472 526
2473 535
2474 534
2475 550
2476 550
2477 550
2478 562
2479 570
2480 572
2481 575
2482 566
2483 558
2484 557
2485 558
2486 558
2487 558
2488 558
2489 551
2490 556
2491 556
2492 544
2493 532
2494 536
2495 525
2496 521
2497 521
2498 524
2499 522
2500 526
2501 526
2502 527
2503 533
2504 543
2505 541
2506 536
2507 524
2508 513
2509 508
2510 506
2511 505
2512 505
2513 505
2514 505
2515 516
2516 505
2517 515
2518 525
2519 528
2520 539
2521 544
2522 526
2523 521
2524 528
2525 531
2526 528
2527 528
2528 536
2529 514
2530 528
2531 539
2532 528
2533 528
2534 540
2535 543
2536 542
2537 552
2538 548
2539 536
2540 521
2541 514
2542 521
2543 533
2544 534
2545 539
2546 539
2547 533
2548 524
2549 529
2550 520
2551 519
2552 519
2553 519
2554 521
2555 508
2556 521
2557 536
2558 537
2559 541
2560 553
2561 547
2562 533
2563 527
2564 523
2565 535
2566 543
2567 543
2568 543
2569 540
2570 550
2571 550
2572 546
2573 545
2574 542
2575 555
2576 560
2577 553
2578 560
2579 560
2580 557
2581 561
2582 577
2583 564
2584 575
2585 577
2586 567
2587 571
2588 565
2589 549
2590 547
2591 541
2592 552
2593 544
2594 553
2595 568
2596 554
2597 563
2598 567
2599 571
2600 567
2601 562
2602 561
2603 561
2604 568
2605 552
2606 563
2607 569
2608 569
2609 568
2610 580
2611 587
2612 587
2613 576
2614 567
2615 570
2616 563
2617 567
2618 569
2619 551
2620 533
2621 548
2622 546
2623 547
2624 554
2625 556
2626 559
2627 557
2628 552
2629 552
2630 547
2631 547
2632 553
2633 559
2634 566
2635 559
2636 556
2637 567
2638 565
2639 565
2640 570
2641 573
2642 575
2643 579
2644 580
2645 580
2646 576
2647 569
2648 570
2649 560
2650 554
2651 554
2652 547
2653 549
2654 549
2655 550
2656 539
2657 532
2658 526
2659 532
2660 526
2661 526
2662 533
2663 531
2664 531
2665 521
2666 535
2667 545
2668 528
2669 522
2670 539
2671 546
2672 534
2673 526
2674 520
2675 526
2676 526
2677 523
2678 519
2679 519
2680 513
2681 526
2682 511
2683 511
2684 504
2685 492
2686 471
2687 458
2688 457
2689 461
2690 463
2691 459
2692 466
2693 456
2694 462
2695 474
2696 476
2697 476
2698 476
2699 476
2700 476
2701 478
2702 490
2703 490
2704 490
2705 498
2706 502
2707 507
2708 513
2709 520
2710 520
2711 523
2712 527
2713 523
2714 533
2715 520
2716 520
2717 524
2718 531
2719 523
2720 528
2721 517
2722 509
2723 509
2724 508
2725 500
2726 500
2727 508
2728 508
2729 508
2730 515
2731 521
2732 508
2733 502
2734 472
2735 463
2736 461
2737 461
2738 461
2739 455
2740 469
2741 465
2742 453
2743 453
2744 453
2745 453
2746 453
2747 453
2748 462
2749 451
2750 423
2751 411
2752 415
2753 430
2754 415
2755 418
2756 411
2757 417
2758 421
2759 421
2760 428
2761 437
2762 451
2763 454
2764 463
2765 449
2766 462
2767 458
2768 466
2769 464
2770 464
2771 460
2772 456
2773 464
2774 456
2775 452
2776 449
2777 443
2778 448
2779 467
2780 458
2781 465
2782 464
2783 472
2784 472
2785 466
2786 440
2787 440
2788 424
2789 414
2790 411
2791 411
2792 412
2793 410
2794 409
2795 412
2796 410
2797 409
2798 410
2799 418
2800 411
2801 421
2802 429
2803 436
2804 441
2805 446
2806 439
2807 439
2808 445
2809 445
2810 445
2811 445
2812 440
2813 439
2814 449
2815 439
2816 443
2817 456
2818 453
2819 459
2820 457
2821 456
2822 446
2823 446
2824 438
2825 446
2826 446
2827 446
2828 447
2829 449
2830 452
2831 456
2832 457
2833 457
2834 457
2835 459
2836 449
2837 448
2838 443
2839 444
2840 445
2841 446
2842 442
2843 456
2844 462
2845 458
2846 458
2847 458
2848 462
2849 458
2850 458
2851 462
2852 462
2853 460
2854 459
2855 459
2856 466
2857 466
2858 457
2859 442
2860 446
2861 448
2862 450
2863 446
2864 446
2865 442
2866 442
2867 455
2868 468
2869 467
2870 465
2871 467
2872 463
2873 452
2874 440
2875 452
2876 443
2877 443
2878 443
2879 431
2880 442
2881 442
2882 455
2883 461
2884 463
2885 449
2886 436
2887 435
2888 444
2889 412
2890 408
2891 408
2892 402
2893 417
2894 430
2895 430
2896 433
2897 434
2898 429
2899 437
2900 450
2901 453
2902 453
2903 447
2904 462
2905 448
2906 452
2907 443
2908 452
2909 452
2910 452
2911 461
2912 454
2913 457
2914 457
2915 460
2916 453
2917 443
2918 454
2919 465
2920 465
2921 463
2922 455
2923 457
2924 448
2925 447
2926 449
2927 449
2928 449
2929 448
2930 447
2931 448
2932 443
2933 447
2934 447
2935 447
2936 436
2937 444
2938 434
2939 442
2940 450
2941 447
2942 447
2943 452
2944 447
2945 444
2946 445
2947 445
2948 453
2949 446
2950 442
2951 449
2952 459
2953 460
2954 464
2955 464
2956 464
2957 464
2958 465
2959 465
2960 467
2961 468
2962 463
2963 466
2964 458
2965 458
2966 458
2967 458
2968 458
2969 460
2970 466
2971 467
2972 467
2973 461
2974 457
2975 456
2976 456
2977 456
2978 456
2979 462
2980 456
2981 465
2982 474
2983 476
2984 479
2985 463
2986 435
2987 432
2988 443
2989 431
2990 435
2991 431
2992 431
2993 427
2994 416
2995 422
2996 411
2997 420
2998 420
2999 420
3000 420
3001 420
3002 421
3003 420
3004 433
3005 420
3006 415
3007 402
3008 401
3009 407
3010 407
3011 407
3012 407
3013 413
3014 422
3015 431
3016 419
3017 422
3018 427
3019 425
3020 423
3021 429
3022 445
3023 425
3024 432
3025 428
3026 425
3027 435
3028 425
3029 429
3030 437
3031 425
3032 425
3033 425
3034 425
3035 419
3036 424
3037 425
3038 433
3039 443
3040 449
3041 452
3042 452
3043 452
3044 463
3045 471
3046 468
3047 472
3048 477
3049 468
3050 470
3051 473
3052 467
3053 461
3054 476
3055 484
3056 481
3057 488
3058 479
3059 478
3060 477
3061 477
3062 477
3063 477
3064 477
3065 479
3066 481
3067 484
3068 486
3069 488
3070 488
3071 478
3072 478
3073 480
3074 464
3075 462
3076 470
3077 469
3078 469
3079 465
3080 465
3081 464
3082 467
3083 470
3084 454
3085 462
3086 471
3087 466
3088 467
3089 448
3090 434
3091 434
3092 431
3093 434
3094 435
3095 427
3096 433
3097 431
3098 433
3099 433
3100 447
3101 452
3102 451
3103 433
3104 441
3105 441
3106 446
3107 451
3108 451
3109 450
3110 451
3111 458
3112 451
3113 456
3114 460
3115 452
3116 458
3117 461
3118 488
3119 497
3120 500
3121 499
3122 506
3123 509
3124 510
3125 506
3126 503
3127 517
3128 508
3129 513
3130 503
3131 515
3132 508
3133 497
3134 504
3135 504
3136 506
3137 510
3138 504
3139 500
3140 491
3141 491
3142 494
3143 490
3144 505
3145 522
3146 518
3147 519
3148 520
3149 520
3150 509
3151 514
3152 509
3153 509
3154 524
3155 518
3156 518
3157 517
3158 517
3159 517
3160 517
3161 518
3162 505
3163 490
3164 490
3165 487
3166 495
3167 488
3168 489
3169 490
3170 502
3171 523
3172 519
3173 534
3174 525
3175 516
3176 516
3177 520
3178 531
3179 512
3180 513
3181 524
3182 521
3183 515
3184 524
3185 525
3186 524
3187 524
3188 528
3189 529
3190 527
3191 526
3192 530
3193 530
3194 533
3195 542
3196 547
3197 544
3198 545
3199 549
3200 549
3201 549
3202 549
3203 561
3204 552
3205 555
3206 553
3207 560
3208 562
3209 562
3210 562
3211 552
3212 524
3213 528
3214 522
3215 528
3216 532
3217 530
3218 532
3219 525
3220 535
3221 530
3222 526
3223 535
3224 527
3225 527
3226 527
3227 538
3228 538
3229 537
3230 520
3231 532
3232 527
3233 521
3234 528
3235 527
3236 528
3237 531
3238 524
3239 516
3240 513
3241 505
3242 497
3243 497
3244 508
3245 514
3246 509
3247 509
3248 509
3249 509
3250 509
3251 523
3252 514
3253 509
3254 511
3255 510
3256 502
3257 506
3258 503
3259 499
3260 504
3261 524
3262 529
3263 517
3264 504
3265 508
3266 493
3267 494
3268 494
3269 494
3270 488
3271 494
3272 502
3273 508
3274 522
3275 537
3276 542
3277 543
3278 538
3279 546
3280 550
3281 550
3282 550
3283 547
3284 526
3285 508
3286 504
3287 491
3288 500
3289 501
3290 502
3291 492
3292 485
3293 478
3294 478
3295 493
3296 493
3297 493
3298 493
3299 490
3300 487
3301 496
3302 510
3303 506
3304 496
3305 486
3306 487
3307 476
3308 480
3309 472
3310 478
3311 475
3312 476
3313 462
3314 443
3315 449
3316 458
3317 472
3318 489
3319 490
3320 499
3321 502
3322 511
3323 506
3324 514
3325 506
3326 506
3327 514
3328 522
3329 522
3330 516
3331 525
3332 528
3333 528
3334 526
3335 524
3336 534
3337 521
3338 530
3339 531
3340 531
3341 531
3342 533
3343 536
3344 536
3345 532
3346 533
3347 536
3348 539
3349 546
3350 552
3351 558
3352 563
3353 568
3354 555
3355 553
3356 553
3357 546
3358 537
3359 531
3360 529
3361 528
3362 527
3363 524
3364 524
3365 522
3366 525
3367 523
3368 523
3369 523
3370 523
3371 524
3372 523
3373 523
3374 525
3375 523
3376 502
3377 484
3378 484
3379 497
3380 504
3381 508
3382 511
3383 511
3384 510
3385 510
3386 510
3387 501
3388 517
3389 517
3390 511
3391 502
3392 506
3393 507
3394 528
3395 515
3396 515
3397 522
3398 530
3399 530
3400 530
3401 538
3402 533
3403 533
3404 533
3405 533
3406 533
3407 521
3408 527
3409 533
3410 533
3411 537
3412 535
3413 529
3414 530
3415 531
3416 535
3417 535
3418 535
3419 530
3420 516
3421 534
3422 532
3423 540
3424 507
3425 502
3426 500
3427 490
3428 485
3429 485
3430 485
3431 486
3432 487
3433 486
3434 485
3435 485
3436 489
3437 502
3438 502
3439 503
3440 507
3441 497
3442 486
3443 495
3444 491
3445 480
3446 476
3447 476
3448 492
3449 515
3450 509
3451 509
3452 497
3453 494
3454 493
3455 510
3456 521
3457 521
3458 524
3459 514
3460 520
3461 527
3462 532
3463 534
3464 534
3465 534
3466 549
3467 555
3468 545
3469 552
3470 560
3471 560
3472 560
3473 562
3474 565
3475 566
3476 564
3477 564
3478 557
3479 546
3480 563
3481 555
3482 541
3483 543
3484 552
3485 550
3486 549
3487 535
3488 532
3489 535
3490 533
3491 533
3492 538
3493 533
3494 533
3495 533
3496 523
3497 507
3498 480
3499 492
3500 492
3501 483
3502 472
3503 474
3504 478
3505 471
3506 469
3507 469
3508 469
3509 469
3510 463
3511 454
3512 457
3513 452
3514 452
3515 454
3516 452
3517 452
3518 456
3519 451
3520 451
3521 476
3522 481
3523 487
3524 482
3525 484
3526 476
3527 478
3528 474
3529 478
3530 483
3531 476
3532 471
3533 478
3534 475
3535 477
3536 475
3537 475
3538 465
3539 481
3540 475
3541 484
3542 493
3543 485
3544 466
3545 471
3546 471
3547 471
3548 460
3549 486
3550 496
3551 500
3552 496
3553 499
3554 503
3555 501
3556 507
3557 507
3558 510
3559 501
3560 492
3561 495
3562 500
3563 485
3564 479
3565 470
3566 482
3567 495
3568 502
3569 510
3570 507
3571 521
3572 510
3573 509
3574 523
3575 523
3576 517
3577 523
3578 522
3579 507
3580 498
3581 499
3582 502
3583 494
3584 486
3585 486
3586 479
3587 473
3588 463
3589 472
3590 462
3591 461
3592 466
3593 461
3594 455
3595 444
3596 453
3597 452
3598 443
3599 432
3600 450
3601 438
3602 447
3603 447
3604 447
3605 456
3606 461
3607 453
3608 466
3609 468
3610 468
3611 479
3612 467
3613 468
3614 478
3615 468
3616 468
3617 462
3618 453
3619 458
3620 462
3621 458
3622 453
3623 458
3624 434
3625 443
3626 449
3627 438
3628 443
3629 440
3630 433
3631 420
3632 408
3633 416
3634 431
3635 433
3636 449
3637 444
3638 447
3639 442
3640 433
3641 410
3642 396
3643 395
3644 404
3645 418
3646 425
3647 423
3648 432
3649 435
3650 427
3651 426
3652 427
3653 425
3654 407
3655 423
3656 417
3657 418
3658 419
3659 422
3660 419
3661 431
3662 451
3663 443
3664 445
3665 445
3666 433
3667 445
3668 451
3669 445
3670 445
3671 452
3672 461
3673 477
3674 477
3675 480
3676 481
3677 486
3678 490
3679 483
3680 491
3681 501
3682 505
3683 503
3684 505
3685 503
3686 503
3687 508
3688 498
3689 515
3690 516
3691 517
3692 508
3693 499
3694 499
3695 499
3696 499
3697 499
3698 493
3699 501
3700 492
3701 492
3702 476
3703 496
3704 496
3705 492
3706 480
3707 475
3708 463
3709 470
3710 470
3711 470
3712 471
3713 486
3714 473
3715 495
3716 501
3717 512
3718 494
3719 504
3720 508
3721 517
3722 518
3723 527
3724 537
3725 526
3726 515
3727 517
3728 520
3729 529
3730 538
3731 541
3732 535
3733 517
3734 522
3735 529
3736 522
3737 515
3738 512
3739 516
3740 527
3741 536
3742 535
3743 532
3744 532
3745 522
3746 530
3747 520
3748 525
3749 521
3750 513
3751 497
3752 501
3753 501
3754 511
3755 499
3756 506
3757 501
3758 504
3759 501
3760 500
3761 488
3762 496
3763 512
3764 495
3765 508
3766 485
3767 486
3768 489
3769 489
3770 489
3771 489
3772 490
3773 496
3774 497
3775 514
3776 513
3777 512
3778 520
3779 535
3780 533
3781 523
3782 522
3783 515
3784 515
3785 508
3786 505
3787 509
3788 517
3789 517
3790 518
3791 517
3792 524
3793 517
3794 517
3795 513
3796 509
3797 518
3798 515
3799 511
3800 503
3801 491
3802 488
3803 488
3804 489
3805 488
3806 487
3807 511
3808 510
3809 510
3810 509
3811 508
3812 498
3813 493
3814 506
3815 511
3816 511
3817 511
3818 510
3819 511
3820 511
3821 512
3822 504
3823 496
3824 498
3825 502
3826 502
3827 510
3828 511
3829 521
3830 517
3831 527
3832 544
3833 539
3834 537
3835 540
3836 526
3837 522
3838 525
3839 533
3840 551
3841 549
3842 541
3843 541
3844 541
3845 535
3846 543
3847 541
3848 533
3849 536
3850 542
3851 532
3852 523
3853 522
3854 525
3855 542
3856 533
3857 533
3858 534
3859 533
3860 533
3861 539
3862 537
3863 533
3864 533
3865 530
3866 524
3867 540
3868 546
3869 554
3870 559
3871 565
3872 572
3873 578
3874 585
3875 585
3876 585
3877 572
3878 590
3879 575
3880 585
3881 585
3882 576
3883 585
3884 586
3885 595
3886 595
3887 589
3888 589
3889 567
3890 581
3891 581
3892 573
3893 585
3894 585
3895 593
3896 589
3897 589
3898 589
3899 583
3900 576
3901 596
3902 591
3903 591
3904 591
3905 583
3906 576
3907 582
3908 576
3909 573
3910 572
3911 573
3912 568
3913 574
3914 574
3915 582
3916 593
3917 593
3918 593
3919 593
3920 593
3921 597
3922 593
3923 593
3924 593
3925 590
3926 593
3927 593
3928 593
3929 581
3930 570
3931 568
3932 569
3933 562
3934 556
3935 558
3936 558
3937 565
3938 577
3939 572
3940 564
3941 564
3942 564
3943 564
3944 562
3945 576
3946 574
3947 569
3948 570
3949 571
3950 571
3951 571
3952 566
3953 572
3954 571
3955 568
3956 559
3957 550
3958 542
3959 527
3960 520
3961 522
3962 527
3963 516
3964 521
3965 499
3966 516
3967 517
3968 519
3969 527
3970 541
3971 543
3972 550
3973 545
3974 546
3975 546
3976 546
3977 546
3978 546
3979 544
3980 546
3981 556
3982 553
3983 543
3984 551
3985 546
3986 554
3987 562
3988 572
3989 572
3990 572
3991 572
3992 560
3993 549
3994 549
3995 549
3996 549
3997 541
3998 549
3999 541
4000 541
4001 555
4002 558
4003 564
4004 583
4005 586
4006 577
4007 569
4008 559
4009 568
4010 573
4011 580
4012 589
4013 578
4014 573
4015 599
4016 619
4017 622
4018 622
4019 619
4020 622
4021 616
4022 610
4023 613
4024 593
4025 596
4026 579
4027 592
4028 590
4029 587
4030 587
4031 592
4032 592
4033 588
4034 582
4035 573
4036 582
4037 582
4038 582
4039 582
4040 582
4041 582
4042 582
4043 582
4044 585
4045 582
4046 585
4047 574
4048 567
4049 567
4050 567
4051 567
4052 567
4053 567
4054 567
4055 562
4056 559
4057 555
4058 560
4059 550
4060 555
4061 547
4062 557
4063 554
4064 554
4065 554
4066 539
4067 545
4068 531
4069 531
4070 531
4071 532
4072 532
4073 514
4074 514
4075 514
4076 501
4077 514
4078 514
4079 514
4080 514
4081 514
4082 514
4083 514
4084 506
4085 498
4086 504
4087 498
4088 502
4089 507
4090 507
4091 507
4092 512
4093 531
4094 513
4095 530
4096 532
4097 543
4098 539
4099 539
4100 537
4101 525
4102 532
4103 525
4104 531
4105 523
4106 526
4107 524
4108 525
4109 526
4110 531
4111 523
4112 528
4113 526
4114 526
4115 526
4116 530
4117 531
4118 532
4119 547
4120 548
4121 551
4122 534
4123 515
4124 502
4125 506
4126 506
4127 493
4128 475
4129 470
4130 471
4131 470
4132 473
4133 472
4134 481
4135 480
4136 481
4137 475
4138 460
4139 473
4140 471
4141 483
4142 499
4143 484
4144 474
4145 469
4146 471
4147 473
4148 475
4149 472
4150 467
4151 467
4152 487
4153 495
4154 506
4155 499
4156 492
4157 492
4158 489
4159 489
4160 489
4161 489
4162 489
4163 489
4164 475
4165 477
4166 479
4167 477
4168 473
4169 475
4170 475
4171 475
4172 475
4173 465
4174 479
4175 472
4176 466
4177 470
4178 477
4179 487
4180 493
4181 495
4182 495
4183 491
4184 484
4185 487
4186 487
4187 487
4188 487
4189 487
4190 494
4191 504
4192 501
4193 512
4194 498
4195 501
4196 501
4197 511
4198 508
4199 516
4200 517
4201 517
4202 517
4203 517
4204 530
4205 527
4206 528
4207 538
4208 544
4209 544
4210 520
4211 518
4212 526
4213 499
4214 494
4215 484
4216 483
4217 483
4218 483
4219 483
4220 472
4221 469
4222 473
4223 467
4224 474
4225 459
4226 470
4227 475
4228 475
4229 468
4230 475
4231 475
4232 475
4233 475
4234 475
4235 476
4236 474
4237 475
4238 487
4239 499
4240 491
4241 476
4242 484
4243 484
4244 484
4245 484
4246 484
4247 493
4248 487
4249 483
4250 481
4251 497
4252 494
4253 483
4254 475
4255 467
4256 467
4257 467
4258 474
4259 482
4260 483
4261 481
4262 484
4263 483
4264 487
4265 497
4266 511
4267 506
4268 515
4269 523
4270 541
4271 542
4272 531
4273 538
4274 543
4275 554
4276 543
4277 538
4278 543
4279 540
4280 537
4281 534
4282 533
4283 534
4284 531
4285 531
4286 520
4287 529
4288 528
4289 527
4290 547
4291 549
4292 549
4293 551
4294 539
4295 544
4296 550
4297 553
4298 555
4299 547
4300 533
4301 547
4302 539
4303 540
4304 540
4305 536
4306 533
4307 541
4308 524
4309 533
4310 538
4311 524
4312 508
4313 524
4314 524
4315 521
4316 536
4317 555
4318 541
4319 549
4320 547
4321 547
4322 547
4323 545
4324 541
4325 548
4326 554
4327 554
4328 554
4329 553
4330 554
4331 549
4332 547
4333 556
4334 554
4335 555
4336 554
4337 554
4338 554
4339 554
4340 554
4341 546
4342 529
4343 533
4344 534
4345 548
4346 544
4347 546
4348 543
4349 534
4350 526
4351 529
4352 529
4353 540
4354 551
4355 547
4356 551
4357 545
4358 540
4359 537
4360 533
4361 533
4362 532
4363 530
4364 519
4365 527
4366 533
4367 546
4368 527
4369 512
4370 512
4371 510
4372 509
4373 511
4374 519
4375 527
4376 530
4377 530
4378 536
4379 547
4380 546
4381 553
4382 547
4383 548
4384 553
4385 546
4386 566
4387 556
4388 557
4389 551
4390 540
4391 550
4392 561
4393 579
4394 582
4395 569
4396 555
4397 557
4398 537
4399 555
4400 547
4401 535
4402 544
4403 548
4404 535
4405 526
4406 524
4407 518
4408 526
4409 515
4410 515
4411 515
4412 517
4413 531
4414 547
4415 547
4416 549
4417 547
4418 547
4419 547
4420 547
4421 539
4422 542
4423 532
4424 523
4425 532
4426 545
4427 559
4428 547
4429 554
4430 554
4431 554
4432 560
4433 566
4434 566
4435 566
4436 566
4437 566
4438 570
4439 575
4440 575
4441 575
4442 578
4443 576
4444 582
4445 588
4446 607
4447 614
4448 614
4449 613
4450 600
4451 598
4452 606
4453 614
4454 614
4455 594
4456 595
4457 598
4458 592
4459 616
4460 616
4461 620
4462 625
4463 613
4464 625
4465 625
4466 624
4467 615
4468 632
4469 640
4470 641
4471 619
4472 607
4473 605
4474 617
4475 624
4476 621
4477 619
4478 620
4479 620
4480 622
4481 617
4482 624
4483 620
4484 620
4485 620
4486 620
4487 620
4488 613
4489 606
4490 625
4491 632
4492 635
4493 637
4494 638
4495 635
4496 632
4497 629
4498 632
4499 638
4500 645
4501 646
4502 647
4503 642
4504 656
4505 675
4506 671
4507 671
4508 675
4509 679
4510 679
4511 679
4512 672
4513 689
4514 674
4515 686
4516 689
4517 692
4518 692
4519 698
4520 702
4521 704
4522 694
4523 694
4524 704
4525 697
4526 690
4527 688
4528 680
4529 686
4530 686
4531 686
4532 685
4533 685
4534 685
4535 685
4536 685
4537 684
4538 685
4539 685
4540 675
4541 672
4542 673
4543 671
4544 652
4545 648
4546 644
4547 648
4548 657
4549 657
4550 646
4551 639
4552 640
4553 653
4554 660
4555 668
4556 669
4557 662
4558 668
4559 676
4560 681
4561 685
4562 671
4563 671
4564 661
4565 658
4566 657
4567 664
4568 668
4569 670
4570 670
4571 675
4572 669
4573 660
4574 657
4575 649
4576 646
4577 646
4578 646
4579 659
4580 664
4581 662
4582 660
4583 657
4584 648
4585 660
4586 659
4587 660
4588 653
4589 657
4590 656
4591 653
4592 646
4593 645
4594 646
4595 632
4596 645
4597 645
4598 645
4599 646
4600 635
4601 652
4602 658
4603 644
4604 639
4605 648
4606 647
4607 638
4608 629
4609 628
4610 641
4611 643
4612 635
4613 624
4614 624
4615 626
4616 628
4617 619
4618 624
4619 621
4620 609
4621 619
4622 619
4623 619
4624 619
4625 618
4626 631
4627 617
4628 619
4629 620
4630 627
4631 620
4632 613
4633 603
4634 606
4635 606
4636 606
4637 606
4638 606
4639 596
4640 603
4641 614
4642 598
4643 590
4644 582
4645 575
4646 575
4647 575
4648 575
4649 579
4650 585
4651 588
4652 591
4653 594
4654 594
4655 593
4656 596
4657 595
4658 598
4659 598
4660 591
4661 594
4662 594
4663 594
4664 594
4665 598
4666 585
4667 586
4668 583
4669 595
4670 599
4671 593
4672 595
4673 595
4674 599
4675 598
4676 602
4677 591
4678 581
4679 577
4680 577
4681 569
4682 558
4683 541
4684 544
4685 541
4686 532
4687 541
4688 537
4689 539
4690 537
4691 548
4692 573
4693 552
4694 538
4695 538
4696 537
4697 538
4698 538
4699 543
4700 538
4701 550
4702 556
4703 553
4704 553
4705 547
4706 551
4707 545
4708 543
4709 548
4710 550
4711 556
4712 556
4713 556
4714 556
4715 545
4716 540
4717 535
4718 534
4719 567
4720 570
4721 570
4722 570
4723 570
4724 570
4725 570
4726 562
4727 570
4728 562
4729 559
4730 561
4731 559
4732 565
4733 572
4734 572
4735 581
4736 583
4737 583
4738 589
4739 589
4740 573
4741 558
4742 558
4743 562
4744 572
4745 579
4746 572
4747 575
4748 571
4749 571
4750 571
4751 559
4752 545
4753 547
4754 544
4755 539
4756 540
4757 537
4758 537
4759 549
4760 557
4761 552
4762 552
4763 549
4764 560
4765 579
4766 569
4767 553
4768 557
4769 560
4770 553
4771 561
4772 561
4773 556
4774 553
4775 557
4776 539
4777 546
4778 546
4779 546
4780 546
4781 546
4782 541
4783 560
4784 550
4785 539
4786 550
4787 550
4788 550
4789 550
4790 550
4791 550
4792 566
4793 540
4794 554
4795 554
4796 543
4797 552
4798 556
4799 552
4800 556
4801 556
4802 562
4803 548
4804 552
4805 559
4806 569
4807 566
4808 566
4809 562
4810 543
4811 528
4812 528
4813 528
4814 529
4815 533
4816 546
4817 537
4818 542
4819 550
4820 557
4821 544
4822 553
4823 557
4824 564
4825 561
4826 561
4827 561
4828 561
4829 561
4830 559
4831 579
4832 573
4833 573
4834 576
4835 579
4836 579
4837 573
4838 565
4839 568
4840 567
4841 570
4842 558
4843 543
4844 551
4845 566
4846 584
4847 577
4848 581
4849 581
4850 584
4851 573
4852 583
4853 584
4854 584
4855 582
4856 574
4857 593
4858 593
4859 593
4860 590
4861 593
4862 595
4863 600
4864 587
4865 579
4866 572
4867 566
4868 554
4869 566
4870 572
4871 562
4872 566
4873 565
4874 572
4875 566
4876 553
4877 566
4878 554
4879 571
4880 573
4881 571
4882 573
4883 573
4884 573
4885 573
4886 577
4887 582
4888 575
4889 572
4890 573
4891 575
4892 575
4893 575
4894 569
4895 546
4896 547
4897 547
4898 558
4899 575
4900 571
4901 575
4902 573
4903 579
4904 575
4905 568
4906 574
4907 572
4908 588
4909 586
4910 595
4911 600
4912 595
4913 595
4914 595
4915 597
4916 600
4917 600
4918 603
4919 606
4920 606
4921 613
4922 592
4923 607
4924 607
4925 593
4926 579
4927 579
4928 585
4929 579
4930 585
4931 579
4932 577
4933 576
4934 583
4935 577
4936 572
4937 575
4938 577
4939 574
4940 582
4941 581
4942 577
4943 576
4944 576
4945 576
4946 579
4947 574
4948 579
4949 579
4950 578
4951 571
4952 577
4953 575
4954 586
4955 577
4956 586
4957 581
4958 586
4959 587
4960 591
4961 595
4962 597
4963 603
4964 596
4965 603
4966 608
4967 614
4968 614
4969 619
4970 622
4971 613
4972 615
4973 618
4974 610
4975 611
4976 614
4977 622
4978 623
4979 622
4980 625
4981 611
4982 618
4983 612
4984 632
4985 629
4986 614
4987 630
4988 617
4989 617
4990 603
4991 589
4992 598
4993 576
4994 569
4995 567
4996 576
4997 575
4998 582
4999 590
5000 595
5001 582
5002 569
5003 560
5004 556
5005 543
5006 545
5007 544
5008 541
5009 541
5010 546
5011 545
5012 543
5013 545
5014 540
5015 533
5016 534
5017 544
5018 535
5019 535
5020 545
5021 548
5022 544
5023 542
5024 534
5025 526
5026 529
5027 533
5028 533
5029 530
5030 534
5031 536
5032 539
5033 535
5034 520
5035 545
5036 547
5037 546
5038 546
5039 539
5040 542
5041 540
5042 535
5043 533
5044 529
5045 551
5046 545
5047 543
5048 550
5049 550
5050 545
5051 546
5052 540
5053 541
5054 535
5055 546
5056 566
5057 581
5058 571
5059 560
5060 564
5061 553
5062 553
5063 545
5064 550
5065 555
5066 563
5067 570
5068 583
5069 586
5070 574
5071 582
5072 581
5073 581
5074 590
5075 595
5076 595
5077 595
5078 595
5079 595
5080 595
5081 576
5082 567
5083 567
5084 567
5085 566
5086 563
5087 566
5088 566
5089 566
5090 566
5091 557
5092 548
5093 562
5094 541
5095 532
5096 533
5097 520
5098 531
5099 535
5100 523
5101 534
5102 550
5103 557
5104 565
5105 572
5106 575
5107 579
5108 579
5109 569
5110 577
5111 576
5112 574
5113 563
5114 578
5115 580
5116 578
5117 562
5118 568
5119 579
5120 596
5121 598
5122 586
5123 581
5124 565
5125 559
5126 564
5127 571
5128 573
5129 567
5130 560
5131 555
5132 569
5133 555
5134 582
5135 586
5136 579
5137 590
5138 587
5139 595
5140 583
5141 571
5142 572
5143 567
5144 576
5145 577
5146 573
5147 588
5148 604
5149 613
5150 597
5151 607
5152 607
5153 601
5154 589
5155 592
5156 587
5157 579
5158 587
5159 570
5160 556
5161 555
5162 560
5163 560
5164 565
5165 571
5166 559
5167 547
5168 539
5169 530
5170 525
5171 537
5172 545
5173 540
5174 527
5175 531
5176 535
5177 535
5178 539
5179 545
5180 535
5181 544
5182 535
5183 514
5184 549
5185 538
5186 535
5187 518
5188 486
5189 489
5190 486
5191 484
5192 485
5193 484
5194 484
5195 494
5196 502
5197 502
5198 511
5199 503
5200 490
5201 483
5202 489
5203 491
5204 506
5205 508
5206 511
5207 522
5208 525
5209 517
5210 521
5211 522
5212 529
5213 529
5214 531
5215 536
5216 538
5217 554
5218 543
5219 539
5220 534
5221 527
5222 507
5223 508
5224 509
5225 517
5226 516
5227 517
5228 514
5229 512
5230 518
5231 518
5232 516
5233 516
5234 518
5235 525
5236 532
5237 529
5238 529
5239 529
5240 529
5241 529
5242 529
5243 532
5244 545
5245 556
5246 550
5247 557
5248 551
5249 548
5250 557
5251 563
5252 565
5253 574
5254 595
5255 607
5256 596
5257 610
5258 611
5259 616
5260 616
5261 608
5262 610
5263 597
5264 601
5265 599
5266 597
5267 597
5268 601
5269 593
5270 605
5271 605
5272 605
5273 605
5274 605
5275 593
5276 579
5277 586
5278 589
5279 587
5280 589
5281 589
5282 577
5283 576
5284 574
5285 586
5286 581
5287 567
5288 569
5289 559
5290 564
5291 557
5292 553
5293 550
5294 537
5295 526
5296 537
5297 548
5298 548
5299 559
5300 537
5301 548
5302 554
5303 554
5304 548
5305 548
5306 548
5307 548
5308 548
5309 548
5310 542
5311 549
5312 548
5313 548
5314 548
5315 547
5316 557
5317 547
5318 522
5319 523
5320 521
5321 506
5322 512
5323 528
5324 521
5325 523
5326 521
5327 521
5328 517
5329 513
5330 520
5331 507
5332 504
5333 516
5334 538
5335 538
5336 538
5337 538
5338 538
5339 528
5340 533
5341 531
5342 513
5343 511
5344 494
5345 482
5346 504
5347 515
5348 515
5349 515
5350 515
5351 503
5352 529
5353 521
5354 512
5355 515
5356 517
5357 514
5358 509
5359 509
5360 508
5361 509
5362 497
5363 518
5364 534
5365 516
5366 516
5367 518
5368 516
5369 519
5370 519
5371 514
5372 521
5373 508
5374 515
5375 518
5376 521
5377 529
5378 521
5379 507
5380 510
5381 517
5382 527
5383 530
5384 527
5385 523
5386 531
5387 537
5388 549
5389 558
5390 554
5391 551
5392 551
5393 528
5394 528
5395 516
5396 518
5397 534
5398 534
5399 533
5400 530
5401 534
5402 534
5403 534
5404 515
5405 519
5406 523
5407 518
5408 530
5409 543
5410 559
5411 581
5412 583
5413 575
5414 576
5415 577
5416 577
5417 577
5418 560
5419 555
5420 540
5421 540
5422 540
5423 540
5424 542
5425 540
5426 540
5427 540
5428 540
5429 527
5430 508
5431 500
5432 501
5433 500
5434 490
5435 500
5436 503
5437 510
5438 506
5439 507
5440 507
5441 511
5442 505
5443 489
5444 503
5445 503
5446 504
5447 500
5448 491
5449 503
5450 504
5451 515
5452 502
5453 491
5454 501
5455 493
5456 494
5457 492
5458 503
5459 503
5460 490
5461 487
5462 481
5463 481
5464 484
5465 487
5466 487
5467 493
5468 476
5469 485
5470 463
5471 458
5472 455
5473 456
5474 459
5475 459
5476 463
5477 467
5478 468
5479 461
5480 458
5481 458
5482 452
5483 451
5484 452
5485 454
5486 457
5487 457
5488 450
5489 459
5490 460
5491 451
5492 457
5493 458
5494 446
5495 439
5496 432
5497 434
5498 434
5499 447
5500 453
5501 469
5502 453
5503 453
5504 453
5505 455
5506 465
5507 462
5508 459
5509 457
5510 462
5511 474
5512 479
5513 485
5514 482
5515 478
5516 466
5517 466
5518 475
5519 489
5520 488
5521 486
5522 487
5523 493
5524 497
5525 499
5526 485
5527 489
5528 495
5529 494
5530 497
5531 484
5532 489
5533 495
5534 507
5535 497
5536 502
5537 509
5538 503
5539 502
5540 504
5541 503
5542 503
5543 503
5544 497
5545 491
5546 502
5547 491
5548 500
5549 497
5550 497
5551 498
5552 500
5553 502
5554 504
5555 510
5556 500
5557 496
5558 486
5559 498
5560 500
5561 498
5562 496
5563 502
5564 506
5565 506
5566 498
5567 498
5568 493
5569 493
5570 491
5571 490
5572 499
5573 500
5574 484
5575 480
5576 483
5577 480
5578 470
5579 464
5580 466
5581 487
5582 499
5583 499
5584 504
5585 506
5586 511
5587 503
5588 501
5589 491
5590 500
5591 509
5592 516
5593 518
5594 525
5595 532
5596 532
5597 535
5598 538
5599 529
5600 521
5601 516
5602 516
5603 508
5604 514
5605 517
5606 490
5607 505
5608 505
5609 505
5610 505
5611 505
5612 505
5613 505
5614 502
5615 509
5616 523
5617 522
5618 518
5619 521
5620 528
5621 536
5622 513
5623 516
5624 526
5625 528
5626 528
5627 531
5628 524
5629 521
5630 527
5631 527
5632 524
5633 524
5634 524
5635 515
5636 521
5637 510
5638 511
5639 523
5640 518
5641 533
5642 531
5643 533
5644 534
5645 546
5646 557
5647 547
5648 547
5649 547
5650 543
5651 547
5652 545
5653 543
5654 543
5655 544
5656 544
5657 544
5658 561
5659 564
5660 563
5661 563
5662 563
5663 566
5664 562
5665 562
5666 562
5667 562
5668 570
5669 577
5670 586
5671 563
5672 559
5673 553
5674 560
5675 567
5676 569
5677 558
5678 559
5679 561
5680 567
5681 567
5682 567
5683 554
5684 530
5685 542
5686 541
5687 541
5688 541
5689 534
5690 544
5691 544
5692 544
5693 544
5694 545
5695 535
5696 538
5697 545
5698 533
5699 526
5700 526
5701 526
5702 526
5703 535
5704 531
5705 544
5706 551
5707 550
5708 541
5709 545
5710 554
5711 561
5712 561
5713 566
5714 571
5715 566
5716 560
5717 571
5718 571
5719 571
5720 584
5721 566
5722 552
5723 563
5724 578
5725 574
5726 580
5727 569
5728 580
5729 580
5730 580
5731 587
5732 587
5733 593
5734 598
5735 616
5736 604
5737 611
5738 615
5739 597
5740 615
5741 610
5742 599
5743 583
5744 571
5745 575
5746 572
5747 575
5748 575
5749 577
5750 589
5751 597
5752 594
5753 594
5754 597
5755 604
5756 611
5757 611
5758 611
5759 615
5760 609
5761 602
5762 612
5763 596
5764 598
5765 590
5766 589
5767 587
5768 582
5769 595
5770 608
5771 602
5772 588
5773 576
5774 573
5775 588
5776 600
5777 594
5778 605
5779 605
5780 603
5781 605
5782 605
5783 597
5784 590
5785 596
5786 590
5787 585
5788 590
5789 587
5790 580
5791 571
5792 576
5793 580
5794 580
5795 586
5796 572
5797 565
5798 560
5799 552
5800 552
5801 558
5802 565
5803 565
5804 565
5805 565
5806 559
5807 560
5808 568
5809 562
5810 562
5811 562
5812 567
5813 563
5814 576
5815 569
5816 546
5817 542
5818 533
5819 542
5820 539
5821 557
5822 571
5823 565
5824 561
5825 565
5826 580
5827 592
5828 593
5829 594
5830 582
5831 565
5832 547
5833 540
5834 535
5835 530
5836 534
5837 526
5838 543
5839 551
5840 549
5841 547
5842 549
5843 549
5844 549
5845 538
5846 554
5847 552
5848 557
5849 552
5850 552
5851 548
5852 557
5853 549
5854 550
5855 536
5856 547
5857 547
5858 547
5859 544
5860 547
5861 535
5862 525
5863 517
5864 506
5865 496
5866 496
5867 497
5868 499
5869 522
5870 522
5871 517
5872 513
5873 513
5874 511
5875 504
5876 508
5877 506
5878 506
5879 506
5880 514
5881 523
5882 514
5883 506
5884 506
5885 506
5886 504
5887 511
5888 516
5889 516
5890 519
5891 522
5892 527
5893 542
5894 542
5895 542
5896 542
5897 542
5898 542
5899 542
5900 541
5901 558
5902 562
5903 557
5904 562
5905 557
5906 555
5907 552
5908 557
5909 554
5910 566
5911 539
5912 530
5913 534
5914 534
5915 534
5916 540
5917 534
5918 548
5919 550
5920 553
5921 530
5922 536
5923 531
5924 537
5925 545
5926 548
5927 545
5928 532
5929 544
5930 544
5931 544
5932 541
5933 536
5934 537
5935 552
5936 561
5937 551
5938 547
5939 544
5940 544
5941 540
5942 550
5943 557
5944 566
5945 575
5946 575
5947 573
5948 588
5949 588
5950 588
5951 588
5952 588
5953 588
5954 588
5955 588
5956 583
5957 583
5958 577
5959 576
5960 573
5961 577
5962 577
5963 577
5964 569
5965 562
5966 560
5967 558
5968 558
5969 558
5970 545
5971 539
5972 539
5973 533
5974 549
5975 548
5976 566
5977 557
5978 557
5979 549
5980 532
5981 523
5982 529
5983 524
5984 516
5985 517
5986 517
5987 517
5988 517
5989 510
5990 490
5991 499
5992 495
5993 492
5994 489
5995 489
5996 502
5997 503
5998 498
5999 492
6000 500
6001 492
6002 489
6003 494
6004 514
6005 499
6006 507
6007 522
6008 521
6009 514
6010 527
6011 511
6012 521
6013 525
6014 527
6015 527
6016 534
6017 517
6018 505
6019 487
6020 479
6021 474
6022 461
6023 450
6024 453
6025 445
6026 444
6027 454
6028 451
6029 451
6030 456
6031 451
6032 454
6033 452
6034 447
6035 449
6036 435
6037 458
6038 471
6039 473
6040 478
6041 470
6042 473
6043 484
6044 480
6045 482
6046 481
6047 490
6048 480
6049 480
6050 491
6051 480
6052 473
6053 468
6054 488
6055 506
6056 495
6057 486
6058 487
6059 495
6060 487
6061 483
6062 473
6063 479
6064 474
6065 465
6066 479
6067 481
6068 481
6069 481
6070 481
6071 481
6072 483
6073 481
6074 481
6075 480
6076 462
6077 476
6078 491
6079 483
6080 476
6081 481
6082 475
6083 477
6084 489
6085 481
6086 481
6087 500
6088 509
6089 508
6090 505
6091 500
6092 497
6093 497
6094 497
6095 502
6096 509
6097 515
6098 526
6099 545
6100 566
6101 560
6102 562
6103 549
6104 563
6105 568
6106 576
6107 566
6108 570
6109 570
6110 567
6111 568
6112 570
6113 570
6114 562
6115 556
6116 559
6117 556
6118 555
6119 559
6120 555
6121 561
6122 564
6123 566
6124 565
6125 560
6126 560
6127 560
6128 560
6129 558
6130 553
6131 543
6132 544
6133 550
6134 548
6135 550
6136 536
6137 534
6138 545
6139 545
6140 548
6141 546
6142 551
6143 551
6144 552
6145 537
6146 533
6147 539
6148 534
6149 539
6150 539
6151 535
6152 531
6153 527
6154 528
6155 530
6156 536
6157 533
6158 540
6159 538
6160 546
6161 541
6162 524
6163 529
6164 527
6165 528
6166 527
6167 535
6168 541
6169 538
6170 538
6171 538
6172 532
6173 533
6174 538
6175 535
6176 546
6177 536
6178 534
6179 535
6180 528
6181 536
6182 538
6183 538
6184 538
6185 525
6186 515
6187 512
6188 512
6189 502
6190 506
6191 505
6192 498
6193 497
6194 493
6195 497
6196 491
6197 491
6198 494
6199 513
6200 511
6201 501
6202 493
6203 491
6204 491
6205 491
6206 490
6207 489
6208 482
6209 481
6210 494
6211 489
6212 490
6213 504
6214 481
6215 473
6216 473
6217 470
6218 451
6219 451
6220 451
6221 451
6222 447
6223 435
6224 435
6225 435
6226 435
6227 446
6228 457
6229 443
6230 430
6231 430
6232 430
6233 435
6234 431
6235 430
6236 430
6237 432
6238 427
6239 426
6240 419
6241 427
6242 413
6243 423
6244 439
6245 439
6246 450
6247 462
6248 464
6249 460
6250 463
6251 473
6252 470
6253 483
6254 489
6255 484
6256 483
6257 478
6258 483
6259 483
6260 488
6261 491
6262 490
6263 474
6264 473
6265 480
6266 468
6267 479
6268 475
6269 475
6270 482
6271 489
6272 491
6273 489
6274 505
6275 508
6276 488
6277 474
6278 467
6279 470
6280 470
6281 464
6282 466
6283 468
6284 467
6285 458
6286 455
6287 455
6288 455
6289 455
6290 458
6291 460
6292 453
6293 453
6294 454
6295 443
6296 431
6297 442
6298 454
6299 451
6300 454
6301 465
6302 462
6303 466
6304 469
6305 480
6306 475
6307 478
6308 481
6309 483
6310 487
6311 493
6312 501
6313 478
6314 480
6315 475
6316 466
6317 467
6318 464
6319 456
6320 467
6321 467
6322 467
6323 467
6324 467
6325 463
6326 467
6327 469
6328 469
6329 475
6330 475
6331 481
6332 480
6333 487
6334 487
6335 491
6336 484
6337 493
6338 487
6339 487
6340 488
6341 487
6342 479
6343 496
6344 510
6345 520
6346 538
6347 530
6348 516
6349 519
6350 519
6351 519
6352 519
6353 526
6354 528
6355 533
6356 538
6357 541
6358 538
6359 538
6360 537
6361 538
6362 538
6363 537
6364 538
6365 538
6366 538
6367 538
6368 538
6369 536
6370 544
6371 536
6372 534
6373 521
6374 521
6375 523
6376 525
6377 538
6378 565
6379 552
6380 564
6381 569
6382 556
6383 548
6384 541
6385 536
6386 536
6387 525
6388 518
6389 524
6390 516
6391 516
6392 516
6393 516
6394 522
6395 527
6396 526
6397 522
6398 525
6399 536
6400 525
6401 525
6402 525
6403 529
6404 525
6405 525
6406 525
6407 525
6408 529
6409 530
6410 526
6411 540
6412 536
6413 539
6414 531
6415 531
6416 527
6417 528
6418 498
6419 499
6420 503
6421 504
6422 503
6423 503
6424 499
6425 512
6426 514
6427 500
6428 494
6429 503
6430 506
6431 513
6432 509
6433 513
6434 527
6435 537
6436 548
6437 550
6438 546
6439 550
6440 550
6441 550
6442 554
6443 543
6444 536
6445 545
6446 565
6447 554
6448 554
6449 549
6450 550
6451 560
6452 557
6453 557
6454 550
6455 559
6456 562
6457 564
6458 573
6459 574
6460 563
6461 569
6462 559
6463 562
6464 571
6465 570
6466 559
6467 568
6468 568
6469 568
6470 577
6471 571
6472 582
6473 582
6474 596
6475 593
6476 581
6477 574
6478 573
6479 578
6480 579
6481 579
6482 575
6483 565
6484 565
6485 548
6486 554
6487 560
6488 569
6489 573
6490 572
6491 580
6492 574
6493 586
6494 594
6495 594
6496 576
6497 568
6498 570
6499 570
6500 573
6501 560
6502 573
6503 566
6504 568
6505 568
6506 557
6507 558
6508 553
6509 555
6510 558
6511 556
6512 550
6513 558
6514 558
6515 558
6516 563
6517 564
6518 559
6519 554
6520 561
6521 570
6522 577
6523 570
6524 570
6525 576
6526 582
6527 583
6528 582
6529 572
6530 546
6531 573
6532 561
6533 556
6534 558
6535 562
6536 558
6537 557
6538 561
6539 557
6540 577
6541 582
6542 590
6543 591
6544 588
6545 593
6546 590
6547 584
6548 574
6549 564
6550 564
6551 567
6552 580
6553 570
6554 569
6555 577
6556 579
6557 577
6558 580
6559 577
6560 566
6561 582
6562 590
6563 598
6564 600
6565 604
6566 590
6567 600
6568 589
6569 602
6570 601
6571 601
6572 607
6573 600
6574 582
6575 569
6576 572
6577 559
6578 563
6579 555
6580 552
6581 545
6582 536
6583 546
6584 547
6585 542
6586 549
6587 538
6588 542
6589 542
6590 526
6591 533
6592 533
6593 529
6594 513
6595 507
6596 523
6597 535
6598 535
6599 539
6600 554
6601 557
6602 555
6603 566
6604 566
6605 557
6606 556
6607 558
6608 548
6609 546
6610 545
6611 545
6612 538
6613 542
6614 535
6615 529
6616 513
6617 506
6618 517
6619 523
6620 530
6621 530
6622 531
6623 530
6624 540
6625 546
6626 539
6627 550
6628 550
6629 547
6630 545
6631 539
6632 545
6633 549
6634 556
6635 558
6636 578
6637 578
6638 574
6639 565
6640 574
6641 559
6642 559
6643 558
6644 557
6645 551
6646 564
6647 579
6648 576
6649 579
6650 571
6651 563
6652 556
6653 543
6654 545
6655 533
6656 534
6657 542
6658 536
6659 531
6660 543
6661 544
6662 551
6663 557
6664 553
6665 554
6666 555
6667 555
6668 555
6669 547
6670 539
6671 539
6672 539
6673 539
6674 546
6675 539
6676 531
6677 524
6678 520
6679 518
6680 514
6681 510
6682 509
6683 514
6684 509
6685 509
6686 490
6687 492
6688 492
6689 510
6690 496
6691 493
6692 493
6693 493
6694 488
6695 486
6696 476
6697 476
6698 476
6699 476
6700 469
6701 480
6702 481
6703 479
6704 477
6705 471
6706 466
6707 466
6708 465
6709 485
6710 492
6711 466
6712 466
6713 475
6714 466
6715 468
6716 480
6717 470
6718 475
6719 474
6720 474
6721 472
6722 470
6723 456
6724 457
6725 459
6726 450
6727 460
6728 462
6729 462
6730 462
6731 462
6732 462
6733 462
6734 462
6735 462
6736 465
6737 462
6738 463
6739 464
6740 463
6741 464
6742 465
6743 464
6744 451
6745 466
6746 463
6747 469
6748 469
6749 469
6750 469
6751 469
6752 467
6753 471
6754 472
6755 472
6756 483
6757 484
6758 489
6759 490
6760 486
6761 490
6762 490
6763 489
6764 488
6765 476
6766 498
6767 497
6768 489
6769 482
6770 496
6771 487
6772 483
6773 483
6774 482
6775 484
6776 487
6777 491
6778 484
6779 473
6780 473
6781 475
6782 473
6783 473
6784 473
6785 473
6786 473
6787 470
6788 475
6789 475
6790 480
6791 464
6792 475
6793 488
6794 470
6795 480
6796 480
6797 484
6798 485
6799 471
6800 488
6801 472
6802 481
6803 481
6804 475
6805 481
6806 477
6807 474
6808 477
6809 483
6810 465
6811 472
6812 472
6813 475
6814 471
6815 480
6816 480
6817 480
6818 470
6819 480
6820 493
6821 504
6822 504
6823 508
6824 504
6825 504
6826 518
6827 527
6828 543
6829 542
6830 541
6831 552
6832 551
6833 551
6834 567
6835 554
6836 562
6837 543
6838 536
6839 528
6840 536
6841 529
6842 499
6843 515
6844 499
6845 499
6846 494
6847 504
6848 495
6849 498
6850 490
6851 483
6852 483
6853 485
6854 486
6855 476
6856 466
6857 478
6858 490
6859 491
6860 490
6861 490
6862 480
6863 488
6864 476
6865 470
6866 460
6867 477
6868 484
6869 485
6870 489
6871 490
6872 499
6873 499
6874 506
6875 506
6876 513
6877 515
6878 497
6879 499
6880 505
6881 500
6882 509
6883 506
6884 504
6885 500
6886 514
6887 508
6888 502
6889 509
6890 509
6891 509
6892 509
6893 501
6894 500
6895 513
6896 508
6897 507
6898 507
6899 512
6900 518
6901 518
6902 522
6903 524
6904 527
6905 524
6906 522
6907 522
6908 528
6909 513
6910 502
6911 513
6912 503
6913 504
6914 497
6915 495
6916 493
6917 486
6918 479
6919 477
6920 486
6921 479
6922 487
6923 481
6924 485
6925 468
6926 473
6927 473
6928 482
6929 500
6930 523
6931 538
6932 532
6933 528
6934 549
6935 561
6936 569
6937 576
6938 572
6939 576
6940 567
6941 562
6942 554
6943 556
6944 544
6945 532
6946 532
6947 532
6948 532
6949 532
6950 520
6951 505
6952 504
6953 492
6954 480
6955 485
6956 491
6957 491
6958 491
6959 498
6960 498
6961 500
6962 488
6963 480
6964 480
6965 480
6966 465
6967 491
6968 490
6969 498
6970 498
6971 505
6972 489
6973 480
6974 480
6975 481
6976 480
6977 480
6978 480
6979 480
6980 473
6981 473
6982 487
6983 488
6984 497
6985 496
6986 495
6987 500
6988 506
6989 505
6990 501
6991 505
6992 494
6993 488
6994 488
6995 482
6996 483
6997 479
6998 477
6999 467
7000 475
7001 475
7002 481
7003 465
7004 449
7005 449
7006 454
7007 459
7008 459
7009 459
7010 463
7011 472
7012 488
7013 477
7014 491
7015 481
7016 487
7017 494
7018 505
7019 503
7020 508
7021 514
7022 517
7023 507
7024 514
7025 514
7026 517
7027 520
7028 526
7029 538
7030 551
7031 554
7032 572
7033 563
7034 555
7035 559
7036 551
7037 535
7038 539
7039 535
7040 540
7041 531
7042 540
7043 540
7044 540
7045 539
7046 538
7047 538
7048 542
7049 545
7050 543
7051 544
7052 534
7053 538
7054 538
7055 534
7056 538
7057 545
7058 548
7059 535
7060 535
7061 536
7062 525
7063 517
7064 510
7065 509
7066 517
7067 526
7068 521
7069 517
7070 512
7071 524
7072 524
7073 518
7074 526
7075 521
7076 519
7077 519
7078 527
7079 535
7080 535
7081 528
7082 521
7083 515
7084 508
7085 510
7086 510
7087 513
7088 503
7089 493
7090 483
7091 473
7092 500
7093 504
7094 510
7095 505
7096 505
7097 503
7098 507
7099 506
7100 510
7101 525
7102 526
7103 515
7104 520
7105 519
7106 518
7107 536
7108 545
7109 545
7110 530
7111 535
7112 526
7113 537
7114 536
7115 533
7116 533
7117 543
7118 537
7119 547
7120 545
7121 543
7122 550
7123 561
7124 567
7125 563
7126 537
7127 535
7128 539
7129 535
7130 535
7131 535
7132 535
7133 535
7134 534
7135 538
7136 527
7137 535
7138 541
7139 535
7140 527
7141 529
7142 529
7143 544
7144 555
7145 558
7146 561
7147 553
7148 542
7149 542
7150 540
7151 537
7152 526
7153 536
7154 541
7155 541
7156 541
7157 544
7158 544
7159 529
7160 541
7161 536
7162 521
7163 510
7164 508
7165 520
7166 510
7167 507
7168 510
7169 510
7170 510
7171 524
7172 539
7173 543
7174 539
7175 554
7176 560
7177 555
7178 551
7179 551
7180 551
7181 551
7182 547
7183 547
7184 536
7185 543
7186 547
7187 547
7188 539
7189 550
7190 555
7191 545
7192 526
7193 512
7194 524
7195 517
7196 519
7197 509
7198 520
7199 519
7200 521
7201 521
7202 507
7203 506
7204 503
7205 499
7206 503
7207 501
7208 495
7209 493
7210 504
7211 494
7212 492
7213 522
7214 506
7215 512
7216 510
7217 510
7218 526
7219 522
7220 527
7221 532
7222 522
7223 532
7224 532
7225 523
7226 523
7227 521
7228 520
7229 520
7230 529
7231 528
7232 517
7233 530
7234 527
7235 526
7236 541
7237 528
7238 540
7239 533
7240 536
7241 535
7242 536
7243 540
7244 544
7245 542
7246 553
7247 555
7248 534
7249 533
7250 533
7251 533
7252 540
7253 539
7254 533
7255 531
7256 521
7257 514
7258 516
7259 522
7260 526
7261 526
7262 515
7263 526
7264 517
7265 517
7266 507
7267 515
7268 511
7269 521
7270 525
7271 524
7272 529
7273 529
7274 534
7275 531
7276 523
7277 533
7278 528
7279 526
7280 530
7281 544
7282 536
7283 536
7284 536
7285 536
7286 528
7287 527
7288 535
7289 530
7290 528
7291 528
7292 533
7293 537
7294 540
7295 553
7296 553
7297 545
7298 550
7299 545
7300 545
7301 548
7302 538
7303 544
7304 528
7305 531
7306 524
7307 532
7308 529
7309 523
7310 507
7311 505
7312 500
7313 500
7314 500
7315 500
7316 500
7317 500
7318 495
7319 502
7320 504
7321 504
7322 507
7323 504
7324 504
7325 504
7326 504
7327 492
7328 504
7329 497
7330 500
7331 493
7332 508
7333 522
7334 522
7335 525
7336 528
7337 524
7338 520
7339 520
7340 520
7341 511
7342 519
7343 524
7344 527
7345 524
7346 521
7347 516
7348 512
7349 502
7350 505
7351 522
7352 528
7353 533
7354 528
7355 520
7356 524
7357 525
7358 520
7359 526
7360 535
7361 534
7362 538
7363 538
7364 538
7365 538
7366 540
7367 538
7368 547
7369 547
7370 541
7371 545
7372 543
7373 544
7374 541
7375 538
7376 538
7377 535
7378 549
7379 571
7380 560
7381 560
7382 555
7383 560
7384 560
7385 560
7386 560
7387 573
7388 577
7389 569
7390 545
7391 542
7392 542
7393 532
7394 544
7395 544
7396 537
7397 537
7398 537
7399 537
7400 535
7401 534
7402 540
7403 540
7404 536
7405 532
7406 537
7407 528
7408 518
7409 504
7410 496
7411 489
7412 483
7413 483
7414 481
7415 477
7416 474
7417 486
7418 467
7419 451
7420 451
7421 456
7422 444
7423 445
7424 437
7425 445
7426 445
7427 445
7428 444
7429 443
7430 446
7431 456
7432 464
7433 455
7434 463
7435 462
7436 462
7437 469
7438 470
7439 476
7440 481
7441 479
7442 479
7443 484
7444 493
7445 496
7446 496
7447 496
7448 494
7449 498
7450 495
7451 488
7452 479
7453 475
7454 452
7455 441
7456 443
7457 454
7458 459
7459 460
7460 449
7461 454
7462 459
7463 466
7464 466
7465 466
7466 462
7467 470
7468 449
7469 456
7470 477
7471 472
7472 471
7473 478
7474 475
7475 487
7476 506
7477 502
7478 500
7479 511
7480 498
7481 498
7482 498
7483 491
7484 485
7485 485
7486 490
7487 469
7488 455
7489 440
7490 432
7491 424
7492 415
7493 428
7494 432
7495 426
7496 438
7497 427
7498 428
7499 441
7500 428
7501 428
7502 435
7503 438
7504 442
7505 446
7506 444
7507 461
7508 458
7509 465
7510 482
7511 487
7512 494
7513 484
7514 479
7515 478
7516 483
7517 487
7518 488
7519 488
7520 488
7521 486
7522 483
7523 487
7524 490
7525 482
7526 477
7527 455
7528 452
7529 452
7530 461
7531 471
7532 464
7533 471
7534 462
7535 471
7536 474
7537 481
7538 475
7539 457
7540 476
7541 476
7542 472
7543 474
7544 469
7545 470
7546 468
7547 470
7548 458
7549 464
7550 476
7551 470
7552 452
7553 453
7554 453
7555 449
7556 455
7557 465
7558 466
7559 466
7560 465
7561 472
7562 465
7563 476
7564 467
7565 467
7566 458
7567 461
7568 457
7569 457
7570 457
7571 469
7572 482
7573 482
7574 472
7575 488
7576 465
7577 482
7578 482
7579 482
7580 481
7581 480
7582 480
7583 480
7584 480
7585 468
7586 466
7587 476
7588 480
7589 478
7590 484
7591 490
7592 497
7593 498
7594 491
7595 499
7596 495
7597 509
7598 508
7599 497
7600 494
7601 491
7602 491
7603 488
7604 480
7605 476
7606 457
7607 452
7608 442
7609 448
7610 446
7611 438
7612 438
7613 438
7614 430
7615 438
7616 438
7617 445
7618 434
7619 443
7620 439
7621 461
7622 476
7623 479
7624 483
7625 483
7626 475
7627 481
7628 480
7629 476
7630 475
7631 481
7632 478
7633 482
7634 482
7635 482
7636 482
7637 482
7638 482
7639 482
7640 482
7641 482
7642 502
7643 493
7644 488
7645 484
7646 484
7647 484
7648 489
7649 472
7650 463
7651 459
7652 452
7653 456
7654 456
7655 467
7656 465
7657 458
7658 458
7659 455
7660 442
7661 442
7662 438
7663 434
7664 434
7665 428
7666 434
7667 434
7668 436
7669 439
7670 439
7671 436
7672 445
7673 457
7674 457
7675 461
7676 457
7677 464
7678 471
7679 469
7680 478
7681 477
7682 468
7683 471
7684 468
7685 466
7686 472
7687 479
7688 477
7689 484
7690 479
7691 477
7692 479
7693 479
7694 479
7695 479
7696 479
7697 477
7698 476
7699 473
7700 478
7701 486
7702 489
7703 488
7704 487
7705 487
7706 487
7707 485
7708 488
7709 488
7710 489
7711 482
7712 498
7713 498
7714 498
7715 495
7716 497
7717 495
7718 492
7719 485
7720 485
7721 496
7722 475
7723 489
7724 484
7725 479
7726 485
7727 484
7728 477
7729 470
7730 470
7731 469
7732 470
7733 474
7734 481
7735 468
7736 481
7737 465
7738 462
7739 457
7740 478
7741 500
7742 494
7743 494
7744 500
7745 508
7746 509
7747 509
7748 510
7749 522
7750 519
7751 519
7752 515
7753 524
7754 524
7755 526
7756 527
7757 530
7758 527
7759 527
7760 527
7761 527
7762 527
7763 527
7764 521
7765 508
7766 497
7767 493
7768 492
7769 500
7770 507
7771 505
7772 505
7773 503
7774 503
7775 498
7776 494
7777 494
7778 494
7779 494
7780 494
7781 505
7782 489
7783 484
7784 484
7785 487
7786 484
7787 498
7788 491
7789 484
7790 484
7791 481
7792 479
7793 479
7794 479
7795 467
7796 441
7797 456
7798 462
7799 462
7800 465
7801 478
7802 481
7803 492
7804 487
7805 487
7806 491
7807 487
7808 491
7809 491
7810 493
7811 491
7812 498
7813 512
7814 521
7815 516
7816 515
7817 510
7818 515
7819 515
7820 515
7821 519
7822 527
7823 540
7824 531
7825 526
7826 523
7827 520
7828 509
7829 522
7830 517
7831 511
7832 500
7833 502
7834 499
7835 497
7836 489
7837 493
7838 481
7839 477
7840 465
7841 477
7842 477
7843 466
7844 455
7845 455
7846 450
7847 446
7848 443
7849 449
7850 455
7851 443
7852 449
7853 458
7854 448
7855 448
7856 448
7857 437
7858 452
7859 443
7860 435
7861 444
7862 450
7863 447
7864 417
7865 426
7866 430
7867 433
7868 431
7869 436
7870 445
7871 440
7872 441
7873 435
7874 427
7875 419
7876 416
7877 419
7878 413
7879 409
7880 419
7881 420
7882 405
7883 409
7884 422
7885 414
7886 414
7887 409
7888 414
7889 414
7890 420
7891 427
7892 436
7893 438
7894 443
7895 439
7896 452
7897 468
7898 462
7899 465
7900 459
7901 458
7902 460
7903 458
7904 458
7905 459
7906 458
7907 462
7908 454
7909 450
7910 455
7911 457
7912 458
7913 454
7914 450
7915 450
7916 441
7917 458
7918 455
7919 462
7920 455
7921 455
7922 455
7923 455
7924 451
7925 451
7926 451
7927 450
7928 450
7929 460
7930 456
7931 434
7932 458
7933 440
7934 433
7935 429
7936 432
7937 443
7938 449
7939 431
7940 445
7941 445
7942 447
7943 465
7944 449
7945 446
7946 449
7947 449
7948 445
7949 442
7950 445
7951 442
7952 439
7953 439
7954 439
7955 439
7956 439
7957 434
7958 430
7959 423
7960 428
7961 427
7962 437
7963 437
7964 463
7965 471
7966 477
7967 495
7968 498
7969 497
7970 510
7971 523
7972 528
7973 524
7974 519
7975 517
7976 519
7977 522
7978 525
7979 539
7980 533
7981 526
7982 533
7983 532
7984 533
7985 530
7986 538
7987 541
7988 546
7989 534
7990 532
7991 537
7992 527
7993 536
7994 536
7995 545
7996 558
7997 562
7998 572
7999 582
8000 579
8001 582
8002 574
8003 582
8004 579
8005 577
8006 564
8007 569
8008 570
8009 569
8010 569
8011 571
8012 574
8013 577
8014 598
8015 595
8016 595
8017 595
8018 595
8019 595
8020 595
8021 593
8022 592
8023 595
8024 595
8025 601
8026 592
8027 579
8028 568
8029 553
8030 542
8031 547
8032 556
8033 562
8034 566
8035 562
8036 562
8037 557
8038 562
8039 562
8040 564
8041 560
8042 559
8043 551
8044 553
8045 558
8046 552
8047 552
8048 552
8049 552
8050 552
8051 549
8052 548
8053 550
8054 559
8055 551
8056 563
8057 562
8058 562
8059 563
8060 563
8061 563
8062 563
8063 555
8064 559
8065 548
8066 552
8067 537
8068 531
8069 532
8070 534
8071 534
8072 534
8073 537
8074 540
8075 540
8076 539
8077 532
8078 524
8079 528
8080 522
8081 520
8082 526
8083 532
8084 536
8085 531
8086 541
8087 533
8088 521
8089 550
8090 550
8091 547
8092 545
8093 540
8094 548
8095 548
8096 538
8097 509
8098 493
8099 498
8100 497
8101 495
8102 504
8103 493
8104 505
8105 511
8106 511
8107 507
8108 511
8109 511
8110 525
8111 511
8112 506
8113 493
8114 502
8115 502
8116 510
8117 512
8118 519
8119 525
8120 536
8121 526
8122 517
8123 523
8124 522
8125 522
8126 522
8127 522
8128 527
8129 531
8130 531
8131 531
8132 531
8133 529
8134 527
8135 536
8136 532
8137 527
8138 535
8139 527
8140 548
8141 551
8142 560
8143 552
8144 563
8145 569
8146 557
8147 546
8148 546
8149 543
8150 540
8151 549
8152 553
8153 558
8154 542
8155 523
8156 533
8157 513
8158 519
8159 524
8160 516
8161 525
8162 514
8163 489
8164 488
8165 503
8166 485
8167 505
8168 501
8169 505
8170 509
8171 509
8172 509
8173 509
8174 520
8175 521
8176 525
8177 521
8178 533
8179 542
8180 542
8181 551
8182 550
8183 562
8184 568
8185 570
8186 560
8187 537
8188 541
8189 550
8190 540
8191 548
8192 562
8193 556
8194 556
8195 559
8196 596
8197 588
8198 610
8199 616
8200 616
8201 611
8202 610
8203 600
8204 591
8205 580
8206 579
8207 565
8208 579
8209 576
8210 579
8211 580
8212 574
8213 577
8214 567
8215 567
8216 579
8217 599
8218 601
8219 604
8220 606
8221 604
8222 595
8223 604
8224 605
8225 607
8226 601
8227 592
8228 595
8229 599
8230 613
8231 611
8232 583
8233 560
8234 578
8235 575
8236 578
8237 568
8238 558
8239 558
8240 558
8241 562
8242 567
8243 567
8244 571
8245 571
8246 571
8247 565
8248 556
8249 543
8250 531
8251 531
8252 541
8253 539
8254 545
8255 542
8256 540
8257 540
8258 542
8259 534
8260 540
8261 540
8262 554
8263 555
8264 539
8265 533
8266 541
8267 550
8268 550
8269 550
8270 551
8271 553
8272 552
8273 540
8274 545
8275 565
8276 544
8277 553
8278 552
8279 577
8280 576
8281 580
8282 580
8283 580
8284 580
8285 594
8286 600
8287 589
8288 584
8289 583
8290 596
8291 598
8292 592
8293 598
8294 598
8295 599
8296 592
8297 604
8298 601
8299 599
8300 599
8301 605
8302 609
8303 599
8304 599
8305 599
8306 598
8307 600
8308 603
8309 598
8310 594
8311 582
8312 574
8313 586
8314 564
8315 553
8316 557
8317 553
8318 550
8319 559
8320 548
8321 536
8322 541
8323 532
8324 528
8325 542
8326 542
8327 542
8328 539
8329 529
8330 517
8331 520
8332 520
8333 511
8334 520
8335 518
8336 515
8337 510
8338 504
8339 498
8340 497
8341 491
8342 491
8343 491
8344 505
8345 505
8346 498
8347 509
8348 499
8349 492
8350 499
8351 499
8352 499
8353 499
8354 501
8355 501
8356 500
8357 507
8358 504
8359 508
8360 508
8361 508
8362 513
8363 524
8364 524
8365 514
8366 519
8367 519
8368 533
8369 535
8370 517
8371 508
8372 507
8373 507
8374 511
8375 515
8376 524
8377 553
8378 568
8379 571
8380 573
8381 578
8382 575
8383 583
8384 594
8385 587
8386 569
8387 568
8388 572
8389 582
8390 577
8391 577
8392 577
8393 561
8394 546
8395 547
8396 547
8397 547
8398 576
8399 565
8400 553
8401 565
8402 559
8403 554
8404 562
8405 558
8406 544
8407 535
8408 535
8409 535
8410 526
8411 535
8412 535
8413 541
8414 535
8415 555
8416 559
8417 546
8418 531
8419 534
8420 546
8421 546
8422 556
8423 559
8424 559
8425 560
8426 572
8427 571
8428 550
8429 560
8430 564
8431 564
8432 564
8433 570
8434 558
8435 547
8436 551
8437 547
8438 542
8439 536
8440 516
8441 528
8442 517
8443 526
8444 533
8445 541
8446 545
8447 544
8448 547
8449 547
8450 551
8451 557
8452 564
8453 564
8454 564
8455 564
8456 560
8457 564
8458 564
8459 564
8460 556
8461 564
8462 569
8463 570
8464 580
8465 573
8466 550
8467 544
8468 547
8469 547
8470 530
8471 547
8472 551
8473 556
8474 556
8475 556
8476 562
8477 568
8478 563
8479 568
8480 556
8481 572
8482 577
8483 577
8484 577
8485 577
8486 574
8487 582
8488 570
8489 582
8490 582
8491 572
8492 586
8493 580
8494 581
8495 588
8496 594
8497 588
8498 584
8499 589
8500 593
8501 607
8502 610
8503 614
8504 604
8505 596
8506 608
8507 602
8508 584
8509 556
8510 549
8511 553
8512 538
8513 531
8514 526
8515 522
8516 508
8517 508
8518 508
8519 508
8520 520
8521 533
8522 533
8523 533
8524 533
8525 531
8526 533
8527 537
8528 542
8529 544
8530 558
8531 564
8532 551
8533 551
8534 551
8535 551
8536 551
8537 548
8538 549
8539 554
8540 549
8541 549
8542 530
8543 535
8544 535
8545 523
8546 535
8547 535
8548 535
8549 528
8550 537
8551 539
8552 540
8553 531
8554 530
8555 532
8556 535
8557 536
8558 536
8559 538
8560 541
8561 552
8562 549
8563 558
8564 551
8565 540
8566 547
8567 540
8568 527
8569 532
8570 532
8571 532
8572 541
8573 564
8574 549
8575 535
8576 535
8577 536
8578 538
8579 536
8580 549
8581 560
8582 554
8583 553
8584 547
8585 558
8586 561
8587 557
8588 559
8589 559
8590 533
8591 535
8592 532
8593 531
8594 532
8595 532
8596 537
8597 536
8598 541
8599 546
8600 544
8601 556
8602 567
8603 555
8604 567
8605 578
8606 567
8607 580
8608 594
8609 587
8610 581
8611 579
8612 581
8613 573
8614 540
8615 557
8616 565
8617 565
8618 561
8619 557
8620 555
8621 554
8622 542
8623 543
8624 543
8625 547
8626 547
8627 552
8628 552
8629 577
8630 579
8631 577
8632 575
8633 577
8634 570
8635 575
8636 576
8637 577
8638 572
8639 582
8640 587
8641 581
8642 579
8643 590
8644 601
8645 591
8646 594
8647 592
8648 590
8649 585
8650 582
8651 584
8652 582
8653 582
8654 586
8655 582
8656 582
8657 574
8658 582
8659 582
8660 568
8661 553
8662 547
8663 545
8664 549
8665 552
8666 552
8667 551
8668 554
8669 565
8670 579
8671 579
8672 579
8673 579
8674 581
8675 584
8676 579
8677 584
8678 591
8679 575
8680 586
8681 571
8682 573
8683 572
8684 576
8685 576
8686 576
8687 576
8688 577
8689 569
8690 577
8691 569
8692 560
8693 561
8694 565
8695 563
8696 563
8697 562
8698 563
8699 569
8700 554
8701 563
8702 571
8703 581
8704 584
8705 588
8706 588
8707 573
8708 559
8709 559
8710 559
8711 555
8712 548
8713 552
8714 558
8715 552
8716 535
8717 537
8718 533
8719 536
8720 537
8721 546
8722 539
8723 546
8724 541
8725 536
8726 532
8727 529
8728 530
8729 531
8730 534
8731 534
8732 538
8733 530
8734 524
8735 516
8736 505
8737 504
8738 503
8739 503
8740 506
8741 509
8742 507
8743 507
8744 500
8745 508
8746 508
8747 496
8748 508
8749 512
8750 511
8751 510
8752 514
8753 526
8754 529
8755 554
8756 560
8757 561
8758 556
8759 553
8760 563
8761 553
8762 553
8763 561
8764 561
8765 571
8766 575
8767 575
8768 574
8769 568
8770 572
8771 584
8772 586
8773 596
8774 606
8775 606
8776 590
8777 606
8778 606
8779 601
8780 591
8781 590
8782 580
8783 586
8784 591
8785 590
8786 585
8787 589
8788 584
8789 582
8790 573
8791 586
8792 593
8793 591
8794 589
8795 586
8796 567
8797 567
8798 567
8799 575
8800 572
8801 592
8802 589
8803 589
8804 589
8805 589
8806 597
8807 606
8808 606
8809 606
8810 613
8811 620
8812 620
8813 630
8814 647
8815 630
8816 636
8817 634
8818 637
8819 627
8820 648
8821 630
8822 624
8823 624
8824 621
8825 625
8826 627
8827 615
8828 604
8829 604
8830 599
8831 593
8832 585
8833 605
8834 615
8835 606
8836 597
8837 597
8838 593
8839 596
8840 599
8841 596
8842 596
8843 585
8844 567
8845 558
8846 568
8847 564
8848 561
8849 561
8850 549
8851 538
8852 524
8853 523
8854 511
8855 508
8856 510
8857 515
8858 515
8859 520
8860 513
8861 519
8862 513
8863 514
8864 514
8865 514
8866 514
8867 537
8868 534
8869 529
8870 525
8871 528
8872 517
8873 509
8874 509
8875 515
8876 511
8877 518
8878 516
8879 508
8880 508
8881 508
8882 508
8883 510
8884 507
8885 508
8886 513
8887 508
8888 508
8889 508
8890 517
8891 526
8892 526
8893 534
8894 544
8895 544
8896 544
8897 542
8898 537
8899 537
8900 535
8901 535
8902 532
8903 528
8904 534
8905 523
8906 524
8907 529
8908 529
8909 529
8910 537
8911 529
8912 529
8913 529
8914 529
8915 534
8916 538
8917 532
8918 536
8919 524
8920 515
8921 519
8922 526
8923 512
8924 498
8925 505
8926 520
8927 499
8928 493
8929 494
8930 494
8931 494
8932 487
8933 494
8934 507
8935 518
8936 518
8937 518
8938 518
8939 518
8940 517
8941 506
8942 505
8943 506
8944 511
8945 512
8946 511
8947 508
8948 508
8949 503
8950 499
8951 491
8952 494
8953 488
8954 474
8955 477
8956 479
8957 467
8958 446
8959 464
8960 460
8961 457
8962 468
8963 456
8964 452
8965 445
8966 452
8967 459
8968 466
8969 463
8970 461
8971 461
8972 452
8973 481
8974 492
8975 496
8976 496
8977 486
8978 496
8979 491
8980 492
8981 486
8982 483
8983 480
8984 480
8985 484
8986 486
8987 495
8988 493
8989 501
8990 511
8991 501
8992 495
8993 493
8994 493
8995 493
8996 478
8997 493
8998 493
8999 493
9000 493
9001 491
9002 492
9003 484
9004 470
9005 468
9006 474
9007 459
9008 457
9009 450
9010 454
9011 452
9012 451
9013 456
9014 458
9015 460
9016 461
9017 463
9018 468
9019 470
9020 480
9021 478
9022 465
9023 468
9024 460
9025 457
9026 457
9027 449
9028 441
9029 441
9030 441
9031 455
9032 483
9033 498
9034 504
9035 501
9036 505
9037 513
9038 502
9039 507
9040 506
9041 496
9042 513
9043 507
9044 497
9045 489
9046 486
9047 498
9048 501
9049 502
9050 515
9051 515
9052 515
9053 515
9054 518
9055 517
9056 490
9057 489
9058 497
9059 503
9060 503
9061 507
9062 497
9063 489
9064 487
9065 482
9066 481
9067 495
9068 487
9069 488
9070 487
9071 487
9072 487
9073 487
9074 487
9075 487
9076 490
9077 480
9078 473
9079 470
9080 467
9081 466
9082 460
9083 459
9084 453
9085 447
9086 444
9087 442
9088 442
9089 445
9090 444
9091 440
9092 450
9093 439
9094 444
9095 450
9096 458
9097 460
9098 470
9099 469
9100 480
9101 489
9102 500
9103 498
9104 498
9105 494
9106 495
9107 492
9108 505
9109 494
9110 490
9111 497
9112 492
9113 494
9114 494
9115 484
9116 476
9117 479
9118 476
9119 468
9120 464
9121 459
9122 453
9123 455
9124 456
9125 448
9126 450
9127 443
9128 445
9129 441
9130 446
9131 465
9132 479
9133 489
9134 482
9135 476
9136 472
9137 490
9138 500
9139 519
9140 520
9141 512
9142 512
9143 512
9144 512
9145 512
9146 508
9147 512
9148 528
9149 534
9150 542
9151 540
9152 540
9153 540
9154 540
9155 540
9156 540
9157 529
9158 510
9159 500
9160 513
9161 506
9162 501
9163 506
9164 513
9165 518
9166 523
9167 520
9168 525
9169 517
9170 524
9171 517
9172 516
9173 514
9174 518
9175 520
9176 518
9177 517
9178 518
9179 519
9180 522
9181 526
9182 532
9183 522
9184 515
9185 489
9186 489
9187 498
9188 503
9189 528
9190 530
9191 529
9192 537
9193 537
9194 539
9195 533
9196 539
9197 539
9198 538
9199 552
9200 559
9201 565
9202 582
9203 590
9204 601
9205 590
9206 597
9207 610
9208 602
9209 593
9210 586
9211 594
9212 587
9213 591
9214 599
9215 596
9216 597
9217 593
9218 593
9219 598
9220 599
9221 617
9222 614
9223 610
9224 608
9225 615
9226 632
9227 638
9228 650
9229 638
9230 626
9231 619
9232 626
9233 626
9234 618
9235 618
9236 602
9237 606
9238 617
9239 618
9240 617
9241 617
9242 617
9243 615
9244 617
9245 617
9246 605
9247 602
9248 602
9249 607
9250 600
9251 598
9252 603
9253 604
9254 626
9255 641
9256 633
9257 641
9258 641
9259 645
9260 641
9261 647
9262 654
9263 666
9264 651
9265 659
9266 660
9267 656
9268 636
9269 643
9270 643
9271 662
9272 658
9273 653
9274 664
9275 658
9276 643
9277 647
9278 647
9279 651
9280 651
9281 653
9282 620
9283 623
9284 605
9285 589
9286 585
9287 597
9288 585
9289 574
9290 570
9291 570
9292 565
9293 565
9294 558
9295 546
9296 552
9297 563
9298 561
9299 562
9300 554
9301 559
9302 563
9303 574
9304 575
9305 557
9306 575
9307 568
9308 571
9309 578
9310 578
9311 578
9312 570
9313 545
9314 533
9315 534
9316 529
9317 534
9318 532
9319 535
9320 527
9321 525
9322 515
9323 515
9324 515
9325 501
9326 496
9327 501
9328 512
9329 513
9330 504
9331 501
9332 501
9333 501
9334 501
9335 500
9336 500
9337 496
9338 492
9339 500
9340 493
9341 505
9342 510
9343 519
9344 518
9345 518
9346 518
9347 517
9348 516
9349 516
9350 524
9351 545
9352 559
9353 550
9354 559
9355 559
9356 559
9357 552
9358 546
9359 548
9360 547
9361 537
9362 527
9363 526
9364 533
9365 540
9366 548
9367 543
9368 530
9369 537
9370 525
9371 526
9372 526
9373 516
9374 526
9375 526
9376 536
9377 551
9378 556
9379 556
9380 556
9381 540
9382 534
9383 521
9384 520
9385 518
9386 524
9387 533
9388 510
9389 519
9390 528
9391 539
9392 542
9393 559
9394 559
9395 559
9396 556
9397 570
9398 569
9399 570
9400 576
9401 574
9402 570
9403 574
9404 570
9405 570
9406 581
9407 567
9408 554
9409 554
9410 554
9411 559
9412 581
9413 590
9414 590
9415 590
9416 590
9417 590
9418 585
9419 586
9420 575
9421 580
9422 587
9423 587
9424 579
9425 597
9426 590
9427 589
9428 584
9429 584
9430 584
9431 574
9432 567
9433 567
9434 567
9435 570
9436 572
9437 568
9438 576
9439 571
9440 569
9441 564
9442 564
9443 558
9444 552
9445 552
9446 559
9447 567
9448 557
9449 545
9450 547
9451 545
9452 549
9453 545
9454 546
9455 547
9456 544
9457 547
9458 550
9459 542
9460 549
9461 561
9462 548
9463 548
9464 537
9465 529
9466 527
9467 534
9468 548
9469 544
9470 536
9471 558
9472 558
9473 561
9474 565
9475 570
9476 560
9477 561
9478 561
9479 561
9480 564
9481 568
9482 568
9483 557
9484 561
9485 559
9486 570
9487 577
9488 571
9489 571
9490 577
9491 582
9492 588
9493 588
9494 588
9495 588
9496 588
9497 579
9498 569
9499 553
9500 567
9501 562
9502 562
9503 565
9504 569
9505 579
9506 591
9507 591
9508 581
9509 591
9510 578
9511 584
9512 585
9513 602
9514 609
9515 616
9516 609
9517 609
9518 609
9519 609
9520 603
9521 609
9522 600
9523 603
9524 609
9525 610
9526 606
9527 612
9528 620
9529 628
9530 626
9531 632
9532 635
9533 632
9534 646
9535 632
9536 626
9537 621
9538 610
9539 611
9540 609
9541 609
9542 606
9543 606
9544 613
9545 626
9546 624
9547 622
9548 616
9549 615
9550 604
9551 618
9552 631
9553 629
9554 636
9555 628
9556 620
9557 629
9558 629
9559 629
9560 622
9561 627
9562 627
9563 625
9564 626
9565 625
9566 633
9567 635
9568 633
9569 626
9570 639
9571 612
9572 595
9573 608
9574 620
9575 614
9576 608
9577 591
9578 578
9579 574
9580 578
9581 581
9582 587
9583 596
9584 597
9585 589
9586 589
9587 575
9588 563
9589 556
9590 551
9591 556
9592 569
9593 573
9594 577
9595 579
9596 581
9597 581
9598 570
9599 560
9600 557
9601 554
9602 572
9603 575
9604 575
9605 575
9606 575
9607 570
9608 584
9609 591
9610 602
9611 591
9612 591
9613 589
9614 584
9615 587
9616 593
9617 593
9618 593
9619 582
9620 563
9621 560
9622 560
9623 563
9624 560
9625 564
9626 556
9627 546
9628 535
9629 537
9630 541
9631 528
9632 532
9633 534
9634 537
9635 537
9636 530
9637 532
9638 537
9639 545
9640 552
9641 541
9642 533
9643 535
9644 543
9645 555
9646 571
9647 576
9648 569
9649 569
9650 569
9651 576
9652 584
9653 575
9654 556
9655 555
9656 553
9657 558
9658 554
9659 554
9660 553
9661 550
9662 547
9663 548
9664 547
9665 547
9666 541
9667 536
9668 531
9669 526
9670 527
9671 538
9672 530
9673 515
9674 518
9675 515
9676 504
9677 519
9678 528
9679 523
9680 523
9681 515
9682 502
9683 499
9684 508
9685 495
9686 495
9687 490
9688 486
9689 493
9690 496
9691 503
9692 506
9693 505
9694 506
9695 492
9696 490
9697 496
9698 502
9699 500
9700 502
9701 490
9702 499
9703 496
9704 504
9705 489
9706 508
9707 506
9708 506
9709 514
9710 516
9711 524
9712 526
9713 526
9714 531
9715 532
9716 525
9717 519
9718 513
9719 522
9720 519
9721 519
9722 519
9723 508
9724 514
9725 509
9726 509
9727 509
9728 495
9729 506
9730 510
9731 506
9732 511
9733 514
9734 520
9735 530
9736 528
9737 532
9738 528
9739 523
9740 523
9741 519
9742 520
9743 505
9744 520
9745 520
9746 520
9747 522
9748 512
9749 519
9750 523
9751 520
9752 521
9753 524
9754 518
9755 518
9756 528
9757 538
9758 529
9759 521
9760 515
9761 515
9762 512
9763 508
9764 511
9765 525
9766 532
9767 551
9768 553
9769 556
9770 546
9771 554
9772 557
9773 551
9774 558
9775 548
9776 542
9777 533
9778 542
9779 548
9780 537
9781 537
9782 537
9783 535
9784 535
9785 513
9786 504
9787 505
9788 505
9789 509
9790 514
9791 514
9792 523
9793 514
9794 511
9795 538
9796 547
9797 555
9798 547
9799 535
9800 530
9801 525
9802 512
9803 526
9804 525
9805 521
9806 516
9807 506
9808 511
9809 516
9810 525
9811 525
9812 532
9813 525
9814 525
9815 525
9816 525
9817 525
9818 517
9819 510
9820 510
9821 507
9822 506
9823 503
9824 506
9825 505
9826 500
9827 499
9828 506
9829 513
9830 515
9831 515
9832 515
9833 532
9834 532
9835 532
9836 532
9837 532
9838 532
9839 529
9840 534
9841 533
9842 549
9843 550
9844 546
9845 546
9846 532
9847 512
9848 520
9849 524
9850 520
9851 527
9852 512
9853 512
9854 514
9855 508
9856 509
9857 482
9858 492
9859 497
9860 484
9861 495
9862 491
9863 492
9864 492
9865 490
9866 490
9867 495
9868 507
9869 499
9870 485
9871 486
9872 484
9873 496
9874 488
9875 492
9876 487
9877 491
9878 492
9879 494
9880 488
9881 490
9882 483
9883 482
9884 478
9885 479
9886 479
9887 478
9888 476
9889 475
9890 475
9891 486
9892 481
9893 480
9894 491
9895 505
9896 505
9897 505
9898 498
9899 500
9900 491
9901 486
9902 491
9903 502
9904 516
9905 508
9906 519
9907 519
9908 515
9909 506
9910 500
9911 519
9912 530
9913 532
9914 532
9915 534
9916 514
9917 501
9918 500
9919 499
9920 495
9921 493
9922 494
9923 494
9924 494
9925 486
9926 492
9927 500
9928 507
9929 536
9930 531
9931 509
9932 510
9933 501
9934 504
9935 507
9936 500
9937 490
9938 495
9939 508
9940 511
9941 503
9942 501
9943 507
9944 512
9945 518
9946 526
9947 513
9948 518
9949 518
9950 508
9951 498
9952 496
9953 494
9954 493
9955 494
9956 494
9957 495
9958 495
9959 494
9960 490
9961 477
9962 491
9963 486
9964 481
9965 476
9966 484
9967 484
9968 487
9969 479
9970 475
9971 481
9972 473
9973 471
9974 458
9975 460
9976 465
9977 471
9978 475
9979 477
9980 468
9981 468
9982 470
9983 478
9984 503
9985 514
9986 514
9987 514
9988 522
9989 509
9990 522
9991 505
9992 498
9993 498
9994 499
9995 501
9996 506
9997 506
9998 507
9999 501
